Source Term ID	Source Term	Mapped Term Label	Mapped Term CURIE	Mapped Term IRI	Mapping Score	Tags	Count	Decision	Better mapping	Better mapping CURIE
http://ccb.hms.harvard.edu/t2t/RF5aac3FpKy	NMR	NMR	EDAM.TOPIC:0593	http://edamontology.org/topic_0593	1	None	6310	Good		
http://ccb.hms.harvard.edu/t2t/R6uBH8CZxyg	RNA	RNA	EDAM.TOPIC:0099	http://edamontology.org/topic_0099	1	None	5677	Good		
http://ccb.hms.harvard.edu/t2t/RA8iNr6zMXE	rna	RNA	EDAM.TOPIC:0099	http://edamontology.org/topic_0099	1	None	4004	Good		
http://ccb.hms.harvard.edu/t2t/RGaFSY9TR8C	DNA	DNA	EDAM.TOPIC:0654	http://edamontology.org/topic_0654	0.999	None	8936	Good		
http://ccb.hms.harvard.edu/t2t/RBeg8qW8WjZ	dna	DNA	EDAM.TOPIC:0654	http://edamontology.org/topic_0654	0.999	None	6972	Good		
http://ccb.hms.harvard.edu/t2t/RDrehTrd2j7	SNP	SNP	EDAM.TOPIC:2277	http://edamontology.org/topic_2277	0.999	None	6595	Deprecated	DNA polymorphism	EDAM.TOPIC:2885
http://ccb.hms.harvard.edu/t2t/RJj2XEwyRDW	GWAS	GWAS study	EDAM.TOPIC:3517	http://edamontology.org/topic_3517	0.999	None	5902	Good		
http://ccb.hms.harvard.edu/t2t/RBtPVZN7zwo	MRI	MRI	EDAM.TOPIC:3444	http://edamontology.org/topic_3444	0.999	None	3193	Good		
http://ccb.hms.harvard.edu/t2t/RF2C84XzR7R	snp	SNP	EDAM.TOPIC:2277	http://edamontology.org/topic_2277	0.999	None	2778	Deprecated	DNA polymorphism	EDAM.TOPIC:2885
http://ccb.hms.harvard.edu/t2t/RFhZMnWF3M8	EEG	Electroencephalography	EDAM.TOPIC:4014	http://edamontology.org/topic_4014	0.999	None	1564	Good		
http://ccb.hms.harvard.edu/t2t/RFMYaXJ9tVV	mri	MRI	EDAM.TOPIC:3444	http://edamontology.org/topic_3444	0.999	None	1169	Good		
http://ccb.hms.harvard.edu/t2t/REGbvEJxhue	Arabidopsis	Arabidopsis	EDAM.TOPIC:0786	http://edamontology.org/topic_0786	0.999	None	1123	Deprecated	Plant biology	EDAM.TOPIC:0780
http://ccb.hms.harvard.edu/t2t/RSYVNTheG6M	gene expression	Gene expression	EDAM.TOPIC:0203	http://edamontology.org/topic_0203	0.998	None	17342	Good		
http://ccb.hms.harvard.edu/t2t/RDqBUHfLbqV	mass spectrometry	Mass spectrometry	EDAM.TOPIC:0134	http://edamontology.org/topic_0134	0.998	None	4321	Deprecated	Analytical chemistry	EDAM.TOPIC:3370
http://ccb.hms.harvard.edu/t2t/RBhnqQBjYmp	Gene expression	Gene expression	EDAM.TOPIC:0203	http://edamontology.org/topic_0203	0.998	None	3013	Good		
http://ccb.hms.harvard.edu/t2t/RDXUbbec9eY	CT	Tomography	EDAM.TOPIC:3452	http://edamontology.org/topic_3452	0.998	None	2804	Good		
http://ccb.hms.harvard.edu/t2t/RD55dztVXQp	drug discovery	Drug discovery	EDAM.TOPIC:3336	http://edamontology.org/topic_3336	0.998	None	2679	Good		
http://ccb.hms.harvard.edu/t2t/RCbGCKsXvR5	Gene regulation	Gene regulation	EDAM.TOPIC:0204	http://edamontology.org/topic_0204	0.998	None	1921	Good		
http://ccb.hms.harvard.edu/t2t/RJx736MCQpA	transcription	Transcription	EDAM.TOPIC:0110	http://edamontology.org/topic_0110	0.998	None	1891	Deprecated	Gene expression	EDAM.TOPIC:0203
http://ccb.hms.harvard.edu/t2t/RBMk6zfRNU7	expression	Gene expression	EDAM.TOPIC:0203	http://edamontology.org/topic_0203	0.997	None	4401	Good		
http://ccb.hms.harvard.edu/t2t/R5SneFwdA3M	plants	Plant biology	EDAM.TOPIC:0780	http://edamontology.org/topic_0780	0.997	None	2519	Good		
http://ccb.hms.harvard.edu/t2t/R4wwgFXAZeY	microarrays	Microarrays	EDAM.TOPIC:0200	http://edamontology.org/topic_0200	0.997	None	1824	Deprecated	Microarray experiment	EDAM.TOPIC:3518
http://ccb.hms.harvard.edu/t2t/RERcFjarYdB	Biochemistry	Biochemistry	EDAM.TOPIC:3292	http://edamontology.org/topic_3292	0.996	None	367175	Good		
http://ccb.hms.harvard.edu/t2t/R5myGHSs3m6	Chemistry	Chemistry	EDAM.TOPIC:3314	http://edamontology.org/topic_3314	0.996	None	19390	Good		
http://ccb.hms.harvard.edu/t2t/RFSHLuWCWC9	Molecular Medicine	Molecular medicine	EDAM.TOPIC:3388	http://edamontology.org/topic_3388	0.996	None	2645	Good		
http://ccb.hms.harvard.edu/t2t/RE8MhhiWXGy	organisms	Model organisms	EDAM.TOPIC:0621	http://edamontology.org/topic_0621	0.996	None	2562	Good		
http://ccb.hms.harvard.edu/t2t/RFcJwXa98EK	chemistry	Chemistry	EDAM.TOPIC:3314	http://edamontology.org/topic_3314	0.996	None	2067	Good		
http://ccb.hms.harvard.edu/t2t/R6s67TzjSC6	Biomarkers	Biomarkers	EDAM.TOPIC:3360	http://edamontology.org/topic_3360	0.995	None	31258	Good		
http://ccb.hms.harvard.edu/t2t/R4s3ukvP5Qt	neurology	Neurology	EDAM.TOPIC:3334	http://edamontology.org/topic_3334	0.995	None	5810	Good		
http://ccb.hms.harvard.edu/t2t/REibMZFWLNJ	biomarkers	Biomarkers	EDAM.TOPIC:3360	http://edamontology.org/topic_3360	0.995	None	5554	Good		
http://ccb.hms.harvard.edu/t2t/RmZkTB6iuJt	biodiversity	Biodiversity	EDAM.TOPIC:3050	http://edamontology.org/topic_3050	0.995	None	4573	Good		
http://ccb.hms.harvard.edu/t2t/R4ezdCW2eYv	Analytical Chemistry not elsewhere classified	Analytical chemistry	EDAM.TOPIC:3370	http://edamontology.org/topic_3370	0.995	None	4299	Good		
http://ccb.hms.harvard.edu/t2t/R4QCfuMQ8ua	anatomy	Anatomy	EDAM.TOPIC:3067	http://edamontology.org/topic_3067	0.995	None	3883	Good		
http://ccb.hms.harvard.edu/t2t/R5TbdsisK97	systems biology	Systems biology	EDAM.TOPIC:2259	http://edamontology.org/topic_2259	0.995	None	3005	Good		
http://ccb.hms.harvard.edu/t2t/R3kt4rjKnvJ	classification	Classification	EDAM.TOPIC:2230	http://edamontology.org/topic_2230	0.995	None	2694	Deprecated	Ignore	
http://ccb.hms.harvard.edu/t2t/RD7NNjqH3U8	molecular docking	Molecular docking	EDAM.TOPIC:0177	http://edamontology.org/topic_0177	0.995	None	1927	Deprecated	Molecular modelling	EDAM.TOPIC:2275
http://ccb.hms.harvard.edu/t2t/Rh2iMzHtTWs	Systems Biology	Systems biology	EDAM.TOPIC:2259	http://edamontology.org/topic_2259	0.995	None	1721	Good		
http://ccb.hms.harvard.edu/t2t/R6c8YUrUYbP	Anatomy	Anatomy	EDAM.TOPIC:3067	http://edamontology.org/topic_3067	0.995	None	1577	Good		
http://ccb.hms.harvard.edu/t2t/RDoFZn7XEwx	Systems biology	Systems biology	EDAM.TOPIC:2259	http://edamontology.org/topic_2259	0.995	None	1385	Good		
http://ccb.hms.harvard.edu/t2t/RKF9V7o8gW6	NMR spectroscopy	NMR	EDAM.TOPIC:0593	http://edamontology.org/topic_0593	0.995	None	1360	Good		
http://ccb.hms.harvard.edu/t2t/R8jzurm5pkZ	Biophysics	Biophysics	EDAM.TOPIC:3306	http://edamontology.org/topic_3306	0.994	None	188047	Good		
http://ccb.hms.harvard.edu/t2t/R3crpAZism8	Enzymes	Enzymes	EDAM.TOPIC:0821	http://edamontology.org/topic_0821	0.994	None	9419	Good		
http://ccb.hms.harvard.edu/t2t/RJyZZ926Mjw	Otorhinolaryngology	Ear, nose and throat medicine	EDAM.TOPIC:3406	http://edamontology.org/topic_3406	0.994	None	9121	Good		
http://ccb.hms.harvard.edu/t2t/RAb85Q6J3Vc	machine learning	Machine learning	EDAM.TOPIC:3474	http://edamontology.org/topic_3474	0.994	None	8061	Good		
http://ccb.hms.harvard.edu/t2t/RJuk3TGJVyX	DNA methylation	DNA methylation	EDAM.TOPIC:3171	http://edamontology.org/topic_3171	0.994	None	5778	Deprecated	Epigenetics	EDAM.TOPIC:3295
http://ccb.hms.harvard.edu/t2t/R8GpaxCa2QH	biophysics	Biophysics	EDAM.TOPIC:3306	http://edamontology.org/topic_3306	0.994	None	3772	Good		
http://ccb.hms.harvard.edu/t2t/R5qLEop3jsV	transcriptomics	Transcriptomics	EDAM.TOPIC:3308	http://edamontology.org/topic_3308	0.994	None	3118	Good		
http://ccb.hms.harvard.edu/t2t/R5gJ2nYQHV2	enzymes	Enzymes	EDAM.TOPIC:0821	http://edamontology.org/topic_0821	0.994	None	2280	Good		
http://ccb.hms.harvard.edu/t2t/R43qGNLqSh6	Transcriptomics	Transcriptomics	EDAM.TOPIC:3308	http://edamontology.org/topic_3308	0.994	None	1922	Good		
http://ccb.hms.harvard.edu/t2t/RH78ESEfPTT	Machine learning	Machine learning	EDAM.TOPIC:3474	http://edamontology.org/topic_3474	0.994	None	1636	Good		
http://ccb.hms.harvard.edu/t2t/RHAfPfhKKar	animals	Zoology	EDAM.TOPIC:3500	http://edamontology.org/topic_3500	0.994	None	1558	Good		
http://ccb.hms.harvard.edu/t2t/R9NT56fycYp	Medicine	Medicine	EDAM.TOPIC:3303	http://edamontology.org/topic_3303	0.993	None	472217	Good		
http://ccb.hms.harvard.edu/t2t/RHA6jSFSAiU	Immunology	Immunology	EDAM.TOPIC:0804	http://edamontology.org/topic_0804	0.993	None	208981	Good		
http://ccb.hms.harvard.edu/t2t/RCNTz6sobsG	Immunology not elsewhere classified	Immunology	EDAM.TOPIC:0804	http://edamontology.org/topic_0804	0.993	None	30243	Good		
http://ccb.hms.harvard.edu/t2t/R55EQ9wpxXk	immunology	Immunology	EDAM.TOPIC:0804	http://edamontology.org/topic_0804	0.993	None	8711	Good		
http://ccb.hms.harvard.edu/t2t/RG53u2DzwFE	Molecular genetics	Molecular genetics	EDAM.TOPIC:3321	http://edamontology.org/topic_3321	0.993	None	4590	Good		
http://ccb.hms.harvard.edu/t2t/RG6Z9WYbyRB	metagenomics	Metagenomics	EDAM.TOPIC:3174	http://edamontology.org/topic_3174	0.993	None	2224	Good		
http://ccb.hms.harvard.edu/t2t/RFEEyUBf3L4	Metagenomics	Metagenomics	EDAM.TOPIC:3174	http://edamontology.org/topic_3174	0.993	None	1014	Good		
http://ccb.hms.harvard.edu/t2t/R393kgaSqu9	Cell Biology	Cell biology	EDAM.TOPIC:2229	http://edamontology.org/topic_2229	0.992	None	354408	Good		
http://ccb.hms.harvard.edu/t2t/R7Qdhy4ZZFG	cell biology	Cell biology	EDAM.TOPIC:2229	http://edamontology.org/topic_2229	0.992	None	6269	Good		
http://ccb.hms.harvard.edu/t2t/R9fdvEysGvD	Surgery	Surgery	EDAM.TOPIC:3421	http://edamontology.org/topic_3421	0.992	None	4645	Good		
http://ccb.hms.harvard.edu/t2t/RFxUppBKcvQ	Human genetics	Human genetics	EDAM.TOPIC:3574	http://edamontology.org/topic_3574	0.992	None	3565	Good		
http://ccb.hms.harvard.edu/t2t/RCW4czJoDM2	surgery	Surgery	EDAM.TOPIC:3421	http://edamontology.org/topic_3421	0.992	None	3500	Good		
http://ccb.hms.harvard.edu/t2t/RE77GMhmbk9	Ophthalmology	Ophthalmology	EDAM.TOPIC:3417	http://edamontology.org/topic_3417	0.992	None	2045	Good		
http://ccb.hms.harvard.edu/t2t/RH3LgqKouHv	Functional genomics	Functional genomics	EDAM.TOPIC:0085	http://edamontology.org/topic_0085	0.992	None	2026	Good		
http://ccb.hms.harvard.edu/t2t/RKntdfo42as	yeast	Yeast	EDAM.TOPIC:2817	http://edamontology.org/topic_2817	0.992	None	1711	Deprecated	Model organisms	EDAM.TOPIC:0621
http://ccb.hms.harvard.edu/t2t/RDe7K8RJVwc	mitochondria	Mitochondria	EDAM.TOPIC:0779	http://edamontology.org/topic_0779	0.992	None	1525	Deprecated	Cell biology	EDAM.TOPIC:2229
http://ccb.hms.harvard.edu/t2t/RGV5LpmoqjU	ophthalmology	Ophthalmology	EDAM.TOPIC:3417	http://edamontology.org/topic_3417	0.992	None	1422	Good		
http://ccb.hms.harvard.edu/t2t/R35neKNm3xd	Computational chemistry	Computational chemistry	EDAM.TOPIC:3332	http://edamontology.org/topic_3332	0.992	None	1309	Good		
http://ccb.hms.harvard.edu/t2t/RC2h5itWG55	Computational Chemistry	Computational chemistry	EDAM.TOPIC:3332	http://edamontology.org/topic_3332	0.992	None	1017	Good		
http://ccb.hms.harvard.edu/t2t/R4tuCsBj2KW	Genomics	Genomics	EDAM.TOPIC:0622	http://edamontology.org/topic_0622	0.991	None	38491	Good		
http://ccb.hms.harvard.edu/t2t/RJZ2cZaAF52	Microbial Ecology	Microbial ecology	EDAM.TOPIC:3697	http://edamontology.org/topic_3697	0.991	None	37698	Good		
http://ccb.hms.harvard.edu/t2t/RFxQUKt7xSW	genomics	Genomics	EDAM.TOPIC:0622	http://edamontology.org/topic_0622	0.991	None	11248	Good		
http://ccb.hms.harvard.edu/t2t/R3XGf2jNB9d	Model organisms	Model organisms	EDAM.TOPIC:0621	http://edamontology.org/topic_0621	0.991	None	7740	Good		
http://ccb.hms.harvard.edu/t2t/RAEvGwvpbfj	Comparative genomics	Comparative genomics	EDAM.TOPIC:0797	http://edamontology.org/topic_0797	0.991	None	2859	Good		
http://ccb.hms.harvard.edu/t2t/RwFsR2SEP8J	Microbial ecology	Microbial ecology	EDAM.TOPIC:3697	http://edamontology.org/topic_3697	0.991	None	2851	Good		
http://ccb.hms.harvard.edu/t2t/R8fvMu6WnJG	studies	Experimental design and studies	EDAM.TOPIC:3678	http://edamontology.org/topic_3678	0.991	None	2458	Good		
http://ccb.hms.harvard.edu/t2t/RFv5TgyX9Tc	microbial ecology	Microbial ecology	EDAM.TOPIC:3697	http://edamontology.org/topic_3697	0.991	None	2224	Good		
http://ccb.hms.harvard.edu/t2t/REAGV4Xb3TA	taxonomy	Taxonomy	EDAM.TOPIC:0637	http://edamontology.org/topic_0637	0.991	None	1914	Good		
http://ccb.hms.harvard.edu/t2t/RFWvUCsAWeb	Clinical medicine	Medicine	EDAM.TOPIC:3303	http://edamontology.org/topic_3303	0.991	None	1837	Good		
http://ccb.hms.harvard.edu/t2t/R82Aed3DRr4	lipids	Lipids	EDAM.TOPIC:0153	http://edamontology.org/topic_0153	0.991	None	1721	Good	Lipidomics	EDAM.TOPIC:0153
http://ccb.hms.harvard.edu/t2t/RFgxvZNFkMe	comparative genomics	Comparative genomics	EDAM.TOPIC:0797	http://edamontology.org/topic_0797	0.991	None	1419	Good		
http://ccb.hms.harvard.edu/t2t/R38owtjv3nW	Developmental Biology	Developmental biology	EDAM.TOPIC:3064	http://edamontology.org/topic_3064	0.99	None	258285	Good		
http://ccb.hms.harvard.edu/t2t/R3pRD8ZyDqc	Microbiology	Microbiology	EDAM.TOPIC:3301	http://edamontology.org/topic_3301	0.99	None	229601	Good		
http://ccb.hms.harvard.edu/t2t/RE5RMsLTyR5	microbiology	Microbiology	EDAM.TOPIC:3301	http://edamontology.org/topic_3301	0.99	None	14508	Good		
http://ccb.hms.harvard.edu/t2t/R3TerzbZ35j	Microbiology not elsewhere classified	Microbiology	EDAM.TOPIC:3301	http://edamontology.org/topic_3301	0.99	None	6977	Good		
http://ccb.hms.harvard.edu/t2t/RHXBcG8H2Qf	Biomaterials	Biomaterials	EDAM.TOPIC:3368	http://edamontology.org/topic_3368	0.99	None	6039	Good		
http://ccb.hms.harvard.edu/t2t/RDm9yUHemno	developmental biology	Developmental biology	EDAM.TOPIC:3064	http://edamontology.org/topic_3064	0.99	None	5658	Good		
http://ccb.hms.harvard.edu/t2t/R4B45Q6ndTx	Paediatrics	Paediatrics	EDAM.TOPIC:3418	http://edamontology.org/topic_3418	0.99	None	4569	Good		
http://ccb.hms.harvard.edu/t2t/R4tJJN8JEaB	polymerase chain reaction	PCR experiment	EDAM.TOPIC:3519	http://edamontology.org/topic_3519	0.99	None	3322	Good		
http://ccb.hms.harvard.edu/t2t/R89CsSPVaB3	epigenetics	Epigenetics	EDAM.TOPIC:3295	http://edamontology.org/topic_3295	0.99	None	2914	Good		
http://ccb.hms.harvard.edu/t2t/RDQxj8GxU36	Pulmonology	Respiratory medicine	EDAM.TOPIC:3322	http://edamontology.org/topic_3322	0.99	None	2227	Good		
http://ccb.hms.harvard.edu/t2t/RFzPfzcpMGQ	Epigenetics	Epigenetics	EDAM.TOPIC:3295	http://edamontology.org/topic_3295	0.99	None	2102	Good		
http://ccb.hms.harvard.edu/t2t/R4woXiekdTx	rice	Rice	EDAM.TOPIC:0787	http://edamontology.org/topic_0787	0.99	None	1685	Deprecated	Plant biology	EDAM.TOPIC:0780
http://ccb.hms.harvard.edu/t2t/RCr8EYDvdmQ	alternative splicing	RNA splicing	EDAM.TOPIC:3320	http://edamontology.org/topic_3320	0.99	None	1256	Good		
http://ccb.hms.harvard.edu/t2t/RAjLRJx7Rmk	metabolites	Metabolites	EDAM.TOPIC:0079	http://edamontology.org/topic_0079	0.99	None	1089	Deprecated	Metabolomics	EDAM.TOPIC:3172
http://ccb.hms.harvard.edu/t2t/RH3ApSSvVWP	Evolutionary Biology	Evolutionary biology	EDAM.TOPIC:3299	http://edamontology.org/topic_3299	0.989	None	211812	Good		
http://ccb.hms.harvard.edu/t2t/RH6ziHywKuh	Pharmacogenomics	Pharmacogenomics	EDAM.TOPIC:0208	http://edamontology.org/topic_0208	0.989	None	15632	Good		
http://ccb.hms.harvard.edu/t2t/R9YocgRbsFm	Cardiology	Cardiology	EDAM.TOPIC:3335	http://edamontology.org/topic_3335	0.989	None	11210	Good		
http://ccb.hms.harvard.edu/t2t/R7ca3DHo6Bt	Synthetic Biology	Synthetic biology	EDAM.TOPIC:3895	http://edamontology.org/topic_3895	0.989	None	10175	Good		
http://ccb.hms.harvard.edu/t2t/REe23Dzp9DN	Evolutionary biology	Evolutionary biology	EDAM.TOPIC:3299	http://edamontology.org/topic_3299	0.989	None	9305	Good		
http://ccb.hms.harvard.edu/t2t/R6HVzuUA8hp	Emergency Medicine	Critical care medicine	EDAM.TOPIC:3403	http://edamontology.org/topic_3403	0.989	None	8329	Good		
http://ccb.hms.harvard.edu/t2t/RExtK8ufNTp	Evolutionary biology not elsewhere classified	Evolutionary biology	EDAM.TOPIC:3299	http://edamontology.org/topic_3299	0.989	None	5471	Good		
http://ccb.hms.harvard.edu/t2t/RHy6Mkbi7gH	metabolomics	Metabolomics	EDAM.TOPIC:3172	http://edamontology.org/topic_3172	0.989	None	3664	Good		
http://ccb.hms.harvard.edu/t2t/RDcAQ9v7by6	antimicrobial resistance	Antimicrobial Resistance	EDAM.TOPIC:4013	http://edamontology.org/topic_4013	0.989	None	2325	Good	Antimicrobial resistance	EDAM.TOPIC:4013
http://ccb.hms.harvard.edu/t2t/RC9ky4MwoAn	cardiology	Cardiology	EDAM.TOPIC:3335	http://edamontology.org/topic_3335	0.989	None	2098	Good		
http://ccb.hms.harvard.edu/t2t/R8ULzxjnvJu	chemical biology	Chemical biology	EDAM.TOPIC:3369	http://edamontology.org/topic_3369	0.989	None	1148	Good		
http://ccb.hms.harvard.edu/t2t/RFCehSFPTcq	Ecology	Ecology	EDAM.TOPIC:0610	http://edamontology.org/topic_0610	0.988	None	302279	Good		
http://ccb.hms.harvard.edu/t2t/RJC8xsMj5KM	Botany	Plant biology	EDAM.TOPIC:0780	http://edamontology.org/topic_0780	0.988	None	34425	Good		
http://ccb.hms.harvard.edu/t2t/R8oFNowTCUr	Ecology not elsewhere classified	Ecology	EDAM.TOPIC:0610	http://edamontology.org/topic_0610	0.988	None	22463	Good		
http://ccb.hms.harvard.edu/t2t/R4rCN4itvWj	ecology	Ecology	EDAM.TOPIC:0610	http://edamontology.org/topic_0610	0.988	None	12698	Good		
http://ccb.hms.harvard.edu/t2t/R8ikpzn4G8E	Zoology	Zoology	EDAM.TOPIC:3500	http://edamontology.org/topic_3500	0.988	None	8797	Good		
http://ccb.hms.harvard.edu/t2t/RKe5rQhqmSq	Physics	Physics	EDAM.TOPIC:3318	http://edamontology.org/topic_3318	0.988	None	6772	Good		
http://ccb.hms.harvard.edu/t2t/RH9rwexakTR	evolution	Evolutionary biology	EDAM.TOPIC:3299	http://edamontology.org/topic_3299	0.988	None	3391	Good		
http://ccb.hms.harvard.edu/t2t/R6TFE6AbJxb	Zoology not elsewhere classified	Zoology	EDAM.TOPIC:3500	http://edamontology.org/topic_3500	0.988	None	2029	Good		
http://ccb.hms.harvard.edu/t2t/R8tPdNJAbo5	Bioengineering	Bioengineering	EDAM.TOPIC:3398	http://edamontology.org/topic_3398	0.988	None	1956	Good		
http://ccb.hms.harvard.edu/t2t/R58Y4uN7NzX	Magnetic resonance imaging	MRI	EDAM.TOPIC:3444	http://edamontology.org/topic_3444	0.988	None	1909	Good		
http://ccb.hms.harvard.edu/t2t/R5ktZKbi6yq	Evolution	Evolutionary biology	EDAM.TOPIC:3299	http://edamontology.org/topic_3299	0.988	None	1645	Good		
http://ccb.hms.harvard.edu/t2t/R6swFsyWfC6	physics	Physics	EDAM.TOPIC:3318	http://edamontology.org/topic_3318	0.988	None	1133	Good		
http://ccb.hms.harvard.edu/t2t/R9uqviq2SDn	magnetic resonance imaging	MRI	EDAM.TOPIC:3444	http://edamontology.org/topic_3444	0.988	None	1098	Good		
http://ccb.hms.harvard.edu/t2t/RJvu9qtwrRD	Veterinary Medicine	Veterinary medicine	EDAM.TOPIC:3397	http://edamontology.org/topic_3397	0.987	None	6335	Good		
http://ccb.hms.harvard.edu/t2t/RyADAnvN84j	Molecular Evolution	Molecular evolution	EDAM.TOPIC:3945	http://edamontology.org/topic_3945	0.987	None	2992	Good		
http://ccb.hms.harvard.edu/t2t/R6muJfMvx38	phylogeny	Phylogeny	EDAM.TOPIC:0084	http://edamontology.org/topic_0084	0.987	None	2307	Good		
http://ccb.hms.harvard.edu/t2t/RGuVdsrsBiy	Child health	Paediatrics	EDAM.TOPIC:3418	http://edamontology.org/topic_3418	0.987	None	1851	Good		
http://ccb.hms.harvard.edu/t2t/R7yfujDyuDT	protein structure	Protein structure analysis	EDAM.TOPIC:2814	http://edamontology.org/topic_2814	0.987	None	1839	Good		
http://ccb.hms.harvard.edu/t2t/REJ692tCDC6	molecular dynamics	Molecular dynamics	EDAM.TOPIC:0176	http://edamontology.org/topic_0176	0.987	None	1632	Good		
http://ccb.hms.harvard.edu/t2t/RKWiHjiDMfq	imaging	Imaging	EDAM.TOPIC:3382	http://edamontology.org/topic_3382	0.987	None	1243	Good		
http://ccb.hms.harvard.edu/t2t/RfEdqGgURmy	Molecular evolution	Molecular evolution	EDAM.TOPIC:3945	http://edamontology.org/topic_3945	0.987	None	1026	Good		
http://ccb.hms.harvard.edu/t2t/RDDuG75DdnD	Plant Biology	Plant biology	EDAM.TOPIC:0780	http://edamontology.org/topic_0780	0.986	None	157693	Good		
http://ccb.hms.harvard.edu/t2t/R3Tae6Ffk4G	Plant Biology not elsewhere classified	Plant biology	EDAM.TOPIC:0780	http://edamontology.org/topic_0780	0.986	None	32692	Good		
http://ccb.hms.harvard.edu/t2t/RFDWQZSvrLb	Plant biology not elsewhere classified	Plant biology	EDAM.TOPIC:0780	http://edamontology.org/topic_0780	0.986	None	3516	Good		
http://ccb.hms.harvard.edu/t2t/RBLzcREevTY	primers	Primers	EDAM.TOPIC:0922	http://edamontology.org/topic_0922	0.986	None	1871	Deprecated	Probes and primers	EDAM.TOPIC:0632
http://ccb.hms.harvard.edu/t2t/R8xwQr2K7Gw	toxicology	Toxicology	EDAM.TOPIC:2840	http://edamontology.org/topic_2840	0.986	None	1821	Good		
http://ccb.hms.harvard.edu/t2t/R64YuHKQEyH	Software engineering not elsewhere classified	Software engineering	EDAM.TOPIC:3372	http://edamontology.org/topic_3372	0.986	None	1600	Good		
http://ccb.hms.harvard.edu/t2t/RD6VXkpWjVN	Toxicology	Toxicology	EDAM.TOPIC:2840	http://edamontology.org/topic_2840	0.986	None	1048	Good		
http://ccb.hms.harvard.edu/t2t/RJPtaUKAmQR	Molecular Biology	Molecular biology	EDAM.TOPIC:3047	http://edamontology.org/topic_3047	0.985	None	276221	Good		
http://ccb.hms.harvard.edu/t2t/RH9zLiSAfTC	Biological Engineering	Bioengineering	EDAM.TOPIC:3398	http://edamontology.org/topic_3398	0.985	None	11175	Good		
http://ccb.hms.harvard.edu/t2t/RJW79TGn6zx	molecular biology	Molecular biology	EDAM.TOPIC:3047	http://edamontology.org/topic_3047	0.985	None	2950	Good		
http://ccb.hms.harvard.edu/t2t/R9YHGFADe8B	Genetics	Genetics	EDAM.TOPIC:3053	http://edamontology.org/topic_3053	0.984	None	381499	Good		
http://ccb.hms.harvard.edu/t2t/RJNmNT5Hfqp	genetics	Genetics	EDAM.TOPIC:3053	http://edamontology.org/topic_3053	0.984	None	19892	Good		
http://ccb.hms.harvard.edu/t2t/R9nk5Xe59oX	Genetics not elsewhere classified	Genetics	EDAM.TOPIC:3053	http://edamontology.org/topic_3053	0.984	None	8355	Good		
http://ccb.hms.harvard.edu/t2t/R9v5N52ibZg	fungi	Fungi	EDAM.TOPIC:0782	http://edamontology.org/topic_0782	0.984	None	1999	Deprecated	Model organisms	EDAM.TOPIC:0621
http://ccb.hms.harvard.edu/t2t/RFTy2xaRhVA	Virology	Virology	EDAM.TOPIC:0781	http://edamontology.org/topic_0781	0.983	None	174206	Good		
http://ccb.hms.harvard.edu/t2t/R7G2WsPpRpH	Computational  Biology	Computational biology	EDAM.TOPIC:3307	http://edamontology.org/topic_3307	0.983	None	133650	Good		
http://ccb.hms.harvard.edu/t2t/R4zr6nLehuo	Computational biology	Computational biology	EDAM.TOPIC:3307	http://edamontology.org/topic_3307	0.983	None	16190	Good		
http://ccb.hms.harvard.edu/t2t/RF8VXQkRpxW	nutrition	Nutritional science	EDAM.TOPIC:3390	http://edamontology.org/topic_3390	0.983	None	4884	Good		
http://ccb.hms.harvard.edu/t2t/REMjVts57us	Dentistry not elsewhere classified	Dentistry	EDAM.TOPIC:3405	http://edamontology.org/topic_3405	0.983	None	3454	Good		
http://ccb.hms.harvard.edu/t2t/RJozdAeK53t	Parasitology	Parasitology	EDAM.TOPIC:3302	http://edamontology.org/topic_3302	0.983	None	2545	Good		
http://ccb.hms.harvard.edu/t2t/R7rGd9Gdqdf	cell cycle	Cell cycle	EDAM.TOPIC:0612	http://edamontology.org/topic_0612	0.983	None	1710	Deprecated	Cell biology	EDAM.TOPIC:2229
http://ccb.hms.harvard.edu/t2t/RGaaGm3WsVx	Computational Biology	Computational biology	EDAM.TOPIC:3307	http://edamontology.org/topic_3307	0.983	None	1652	Good		
http://ccb.hms.harvard.edu/t2t/RJx4pdu4otA	Plant science	Plant biology	EDAM.TOPIC:0780	http://edamontology.org/topic_0780	0.982	None	5168	Good		
http://ccb.hms.harvard.edu/t2t/RAoyxgyf6rQ	Pharmacology	Pharmacology	EDAM.TOPIC:0202	http://edamontology.org/topic_0202	0.981	None	143664	Good		
http://ccb.hms.harvard.edu/t2t/RA3qu2yzmWm	population genetics	Population genetics	EDAM.TOPIC:3056	http://edamontology.org/topic_3056	0.981	None	6098	Good		
http://ccb.hms.harvard.edu/t2t/R6q9muxcdgF	pharmacology	Pharmacology	EDAM.TOPIC:0202	http://edamontology.org/topic_0202	0.981	None	2005	Good		
http://ccb.hms.harvard.edu/t2t/R8eQ34HFRua	Pathology	Pathology	EDAM.TOPIC:0634	http://edamontology.org/topic_0634	0.98	None	5495	Good		
http://ccb.hms.harvard.edu/t2t/RArryhXwEEJ	pathology	Pathology	EDAM.TOPIC:0634	http://edamontology.org/topic_0634	0.98	None	3430	Good		
http://ccb.hms.harvard.edu/t2t/R4jmcttJcAu	Cancer Biology	Oncology	EDAM.TOPIC:2640	http://edamontology.org/topic_2640	0.98	None	2468	Good		
http://ccb.hms.harvard.edu/t2t/R6gKQ7ZqPT3	Physiology	Physiology	EDAM.TOPIC:3300	http://edamontology.org/topic_3300	0.979	None	149870	Good		
http://ccb.hms.harvard.edu/t2t/R4rp4MaaPEQ	Marine Biology	Marine biology	EDAM.TOPIC:3387	http://edamontology.org/topic_3387	0.979	None	88274	Good		
http://ccb.hms.harvard.edu/t2t/R7Wcxt4zXiV	Physiology not elsewhere classified	Physiology	EDAM.TOPIC:3300	http://edamontology.org/topic_3300	0.979	None	7860	Good		
http://ccb.hms.harvard.edu/t2t/RB5f4noqX6X	physiology	Physiology	EDAM.TOPIC:3300	http://edamontology.org/topic_3300	0.979	None	4491	Good		
http://ccb.hms.harvard.edu/t2t/R8trshBAhjy	Marine biology	Marine biology	EDAM.TOPIC:3387	http://edamontology.org/topic_3387	0.979	None	2714	Good		
http://ccb.hms.harvard.edu/t2t/RKVCLA4Hwtc	phylogenetics	Phylogenetics	EDAM.TOPIC:3293	http://edamontology.org/topic_3293	0.979	None	2071	Good		
http://ccb.hms.harvard.edu/t2t/R6pj9Hf39Ur	Biotechnology	Biotechnology	EDAM.TOPIC:3297	http://edamontology.org/topic_3297	0.978	None	458472	Good		
http://ccb.hms.harvard.edu/t2t/RDo36Z7YYm8	Environmental Sciences not elsewhere classified	Environmental sciences	EDAM.TOPIC:3855	http://edamontology.org/topic_3855	0.978	None	271678	Good		
http://ccb.hms.harvard.edu/t2t/R6ySwWCUvj9	Other environmental sciences not elsewhere classified	Environmental sciences	EDAM.TOPIC:3855	http://edamontology.org/topic_3855	0.978	None	15956	Good		
http://ccb.hms.harvard.edu/t2t/R34eEa7BQ9n	biotechnology	Biotechnology	EDAM.TOPIC:3297	http://edamontology.org/topic_3297	0.978	None	6891	Good		
http://ccb.hms.harvard.edu/t2t/RHDNhFtkHeK	Medical Biotechnology not elsewhere classified	Medical biotechnology	EDAM.TOPIC:3576	http://edamontology.org/topic_3576	0.978	None	5076	Good		
http://ccb.hms.harvard.edu/t2t/R6eovxjZ72W	RNA sequencing	RNA-Seq	EDAM.TOPIC:3170	http://edamontology.org/topic_3170	0.978	None	2639	Good		
http://ccb.hms.harvard.edu/t2t/R4rktMGdyfD	Environmental sciences	Environmental sciences	EDAM.TOPIC:3855	http://edamontology.org/topic_3855	0.978	None	2479	Good		
http://ccb.hms.harvard.edu/t2t/R5tDVoSfd74	Applied mathematics	Applied mathematics	EDAM.TOPIC:3569	http://edamontology.org/topic_3569	0.978	None	2458	Good		
http://ccb.hms.harvard.edu/t2t/R86u9g2XdnE	psychiatry	Psychiatry	EDAM.TOPIC:3419	http://edamontology.org/topic_3419	0.978	None	1876	Good		
http://ccb.hms.harvard.edu/t2t/RGUJEhpjp6F	Medical biotechnology not elsewhere classified	Medical biotechnology	EDAM.TOPIC:3576	http://edamontology.org/topic_3576	0.978	None	1065	Good		
http://ccb.hms.harvard.edu/t2t/RKB3ro6UWdt	oncology	Oncology	EDAM.TOPIC:2640	http://edamontology.org/topic_2640	0.976	None	9784	Good		
http://ccb.hms.harvard.edu/t2t/R93o99YLAuB	Sequence analysis	Sequence analysis	EDAM.TOPIC:0080	http://edamontology.org/topic_0080	0.976	None	3135	Good		
http://ccb.hms.harvard.edu/t2t/RJ8YxHH4cHp	Mathematics	Mathematics	EDAM.TOPIC:3315	http://edamontology.org/topic_3315	0.975	None	13933	Good		
http://ccb.hms.harvard.edu/t2t/R6QGAy3pccw	mathematics	Mathematics	EDAM.TOPIC:3315	http://edamontology.org/topic_3315	0.975	None	3981	Good		
http://ccb.hms.harvard.edu/t2t/RFwEVgohWrG	data mining	Data mining	EDAM.TOPIC:3473	http://edamontology.org/topic_3473	0.974	None	1034	Good		
http://ccb.hms.harvard.edu/t2t/REJKPjrR5oQ	Nucleic acids	Nucleic acids	EDAM.TOPIC:0077	http://edamontology.org/topic_0077	0.973	None	2315	Good		
http://ccb.hms.harvard.edu/t2t/R3qUcqZdaan	whole genome sequencing	Whole genome sequencing	EDAM.TOPIC:3673	http://edamontology.org/topic_3673	0.973	None	1156	Good		
http://ccb.hms.harvard.edu/t2t/RHF435ao9Ps	Genetic Engineering	Genetic engineering	EDAM.TOPIC:3912	http://edamontology.org/topic_3912	0.972	None	28416	Good		
http://ccb.hms.harvard.edu/t2t/R9HGyVjM5sK	genome sequencing	Whole genome sequencing	EDAM.TOPIC:3673	http://edamontology.org/topic_3673	0.972	None	2692	Good		
http://ccb.hms.harvard.edu/t2t/RBb5TZ5WZCR	Genome sequencing	Whole genome sequencing	EDAM.TOPIC:3673	http://edamontology.org/topic_3673	0.972	None	2275	Good		
http://ccb.hms.harvard.edu/t2t/R6jNxBF8ZSV	Bioinformatics	Bioinformatics	EDAM.TOPIC:0091	http://edamontology.org/topic_0091	0.97	None	11122	Good		
http://ccb.hms.harvard.edu/t2t/REnwwCdDWPE	bioinformatics	Bioinformatics	EDAM.TOPIC:0091	http://edamontology.org/topic_0091	0.97	None	3381	Good		
http://ccb.hms.harvard.edu/t2t/RG8fvXYoGJ6	sequencing	Sequencing	EDAM.TOPIC:3168	http://edamontology.org/topic_3168	0.97	None	2546	Good		
http://ccb.hms.harvard.edu/t2t/R4oSB8QNNka	Dermatology	Dermatology	EDAM.TOPIC:3404	http://edamontology.org/topic_3404	0.969	None	8242	Good		
http://ccb.hms.harvard.edu/t2t/RJVQXgsy9pT	proteome	Proteome	EDAM.TOPIC:0644	http://edamontology.org/topic_0644	0.968	None	1864	Deprecated	Proteomics	EDAM.TOPIC:0121
http://ccb.hms.harvard.edu/t2t/R5rNBkAUemu	data collection	Data acquisition	EDAM.TOPIC:3077	http://edamontology.org/topic_3077	0.968	None	1596	Good		
http://ccb.hms.harvard.edu/t2t/RD6uQvZvZbW	Protein interactions	Protein interactions	EDAM.TOPIC:0128	http://edamontology.org/topic_0128	0.967	None	1341	Good		
http://ccb.hms.harvard.edu/t2t/R5vxyZHQDdN	proteomics	Proteomics	EDAM.TOPIC:0121	http://edamontology.org/topic_0121	0.964	None	6286	Good		
http://ccb.hms.harvard.edu/t2t/R3v3Kx2KWkN	Proteomics	Proteomics	EDAM.TOPIC:0121	http://edamontology.org/topic_0121	0.964	None	2199	Good		
http://ccb.hms.harvard.edu/t2t/R9pJbTFwZ3E	Obstetrics and Gynaecology	Gynaecology and obstetrics	EDAM.TOPIC:3411	http://edamontology.org/topic_3411	0.962	None	12572	Good		
http://ccb.hms.harvard.edu/t2t/RH7KMCKuaLw	Nephrology and Urology	Urology and nephrology	EDAM.TOPIC:3422	http://edamontology.org/topic_3422	0.96	None	9263	Good		
http://ccb.hms.harvard.edu/t2t/RHcenJ57CnC	public health and epidemiology	Public health and epidemiology	EDAM.TOPIC:3305	http://edamontology.org/topic_3305	0.959	None	1628	Good		
http://ccb.hms.harvard.edu/t2t/RAnB7umyFyi	Structural Biology	Structural biology	EDAM.TOPIC:1317	http://edamontology.org/topic_1317	0.953	None	7653	Good		
http://ccb.hms.harvard.edu/t2t/RZSARSXbQyt	proteins	Proteins	EDAM.TOPIC:0078	http://edamontology.org/topic_0078	0.952	None	8479	Good		
http://ccb.hms.harvard.edu/t2t/RCayEUnoUqF	Health Informatics	Medical informatics	EDAM.TOPIC:3063	http://edamontology.org/topic_3063	0.951	None	1184	Good		
http://ccb.hms.harvard.edu/t2t/R6uxQeWyjWV	Environmental Science	Environmental sciences	EDAM.TOPIC:3855	http://edamontology.org/topic_3855	0.932	None	20563	Good		
http://ccb.hms.harvard.edu/t2t/RFScppitfgB	Infectious Diseases	Infectious disease	EDAM.TOPIC:3324	http://edamontology.org/topic_3324	0.926	None	374068	Good		
http://ccb.hms.harvard.edu/t2t/RBfBjwsyDBq	Infectious diseases	Infectious disease	EDAM.TOPIC:3324	http://edamontology.org/topic_3324	0.926	None	16277	Good		
http://ccb.hms.harvard.edu/t2t/RGWUqdtMHog	polymorphism	DNA polymorphism	EDAM.TOPIC:2885	http://edamontology.org/topic_2885	0.926	None	2320	Good		
http://ccb.hms.harvard.edu/t2t/RJVBfufnxLF	Biological Sciences not elsewhere classified	Biology	EDAM.TOPIC:3070	http://edamontology.org/topic_3070	0.92	None	545296	Good		
http://ccb.hms.harvard.edu/t2t/RC33ArEzKnm	Biological Sciences	Biology	EDAM.TOPIC:3070	http://edamontology.org/topic_3070	0.92	None	194523	Good		
http://ccb.hms.harvard.edu/t2t/R9nc4Hcd7wc	Other biological sciences not elsewhere classified	Biology	EDAM.TOPIC:3070	http://edamontology.org/topic_3070	0.92	None	1430	Good		
http://ccb.hms.harvard.edu/t2t/R6jf2qE5s9g	transcriptional	Transcription	EDAM.TOPIC:0110	http://edamontology.org/topic_0110	0.919	None	1013	Deprecated	Gene expression	EDAM.TOPIC:0203
http://ccb.hms.harvard.edu/t2t/RHk45Ph9z7S	phenotype	Genotype and phenotype	EDAM.TOPIC:0625	http://edamontology.org/topic_0625	0.916	None	1956	Good		
http://ccb.hms.harvard.edu/t2t/RDH8ch8zuh2	Genomics and transcriptomics	Transcriptomics	EDAM.TOPIC:3308	http://edamontology.org/topic_3308	0.913	None	2210	Good		
http://ccb.hms.harvard.edu/t2t/R9bu3Xn7Ljw	mitochondrial	Mitochondria	EDAM.TOPIC:0779	http://edamontology.org/topic_0779	0.911	None	1335	Deprecated	Cell biology	EDAM.TOPIC:2229
http://ccb.hms.harvard.edu/t2t/RJoqhyLZRzN	management	Data management	EDAM.TOPIC:3071	http://edamontology.org/topic_3071	0.903	None	1311	EDAM more specific	Ignore	
http://ccb.hms.harvard.edu/t2t/RKxwUBx6phx	Toxicology (incl. Clinical Toxicology)	Toxicology	EDAM.TOPIC:2840	http://edamontology.org/topic_2840	0.889	None	15715	Good		
http://ccb.hms.harvard.edu/t2t/R4KRiX9Wt2f	regulation	Gene regulation	EDAM.TOPIC:0204	http://edamontology.org/topic_0204	0.889	None	1252	Good		
http://ccb.hms.harvard.edu/t2t/RDgzNMbm3z2	genotype	Genotype and phenotype	EDAM.TOPIC:0625	http://edamontology.org/topic_0625	0.886	None	2874	Good		
http://ccb.hms.harvard.edu/t2t/R6SbioRhwa8	variants	Protein variants	EDAM.TOPIC:3120	http://edamontology.org/topic_3120	0.882	None	1679	Good		
http://ccb.hms.harvard.edu/t2t/REzAmN3YtZQ	biomarker	Biomarkers	EDAM.TOPIC:3360	http://edamontology.org/topic_3360	0.877	None	6008	Good		
http://ccb.hms.harvard.edu/t2t/RExaMYVZWfz	Engineering	Genetic engineering	EDAM.TOPIC:3912	http://edamontology.org/topic_3912	0.876	None	2893	Good		
http://ccb.hms.harvard.edu/t2t/R5PWYhpc9Ce	finding	Gene finding	EDAM.TOPIC:0109	http://edamontology.org/topic_0109	0.876	None	1198	EDAM more specific	Ignore	
http://ccb.hms.harvard.edu/t2t/R4CuihmUkHq	cardiovascular	Cardiology	EDAM.TOPIC:3335	http://edamontology.org/topic_3335	0.874	None	4017	Good		
http://ccb.hms.harvard.edu/t2t/R4VMmqEtRca	Immune system	Immunogenetics	EDAM.TOPIC:3930	http://edamontology.org/topic_3930	0.874	None	1766	EDAM more specific	Immunology	EDAM.TOPIC:0804
http://ccb.hms.harvard.edu/t2t/R77y2WS9pRC	Immunogenetics (incl. Genetic Immunology)	Immunogenetics	EDAM.TOPIC:3930	http://edamontology.org/topic_3930	0.873	None	28925	Good		
http://ccb.hms.harvard.edu/t2t/R6feXm35K2H	metabolite	Metabolites	EDAM.TOPIC:0079	http://edamontology.org/topic_0079	0.87	None	1669	Deprecated	Metabolomics	EDAM.TOPIC:3172
http://ccb.hms.harvard.edu/t2t/RFze2iwABSX	interactions	Protein interactions	EDAM.TOPIC:0128	http://edamontology.org/topic_0128	0.866	None	1368	Good		
http://ccb.hms.harvard.edu/t2t/RC3X6gy9gZ6	Analytical Biochemistry	Analytical chemistry	EDAM.TOPIC:3370	http://edamontology.org/topic_3370	0.865	None	5089	Good		
http://ccb.hms.harvard.edu/t2t/RHSSmoVhBWF	Analytical biochemistry	Analytical chemistry	EDAM.TOPIC:3370	http://edamontology.org/topic_3370	0.865	None	1433	Good		
http://ccb.hms.harvard.edu/t2t/REeGeCxSKWC	Non-clinical medicine	Medicine	EDAM.TOPIC:3303	http://edamontology.org/topic_3303	0.864	None	5440	Good		
http://ccb.hms.harvard.edu/t2t/RhTkZT4neZ8	Molecular cell biology	Molecular biology	EDAM.TOPIC:3047	http://edamontology.org/topic_3047	0.859	None	11916	Good		
http://ccb.hms.harvard.edu/t2t/R8WrtnJ6utt	phylogenetic	Phylogenetics	EDAM.TOPIC:3293	http://edamontology.org/topic_3293	0.851	None	1118	Good		
http://ccb.hms.harvard.edu/t2t/R3y5JdEHkVb	Genetic Immunology	Immunogenetics	EDAM.TOPIC:3930	http://edamontology.org/topic_3930	0.85	None	28936	Good		
http://ccb.hms.harvard.edu/t2t/R83QS8BKSxd	methylation	DNA methylation	EDAM.TOPIC:3171	http://edamontology.org/topic_3171	0.85	None	1821	EDAM more specific	Ignore	
http://ccb.hms.harvard.edu/t2t/RDKpZEQjcqi	Pathology (excl. Oral Pathology)	Pathology	EDAM.TOPIC:0634	http://edamontology.org/topic_0634	0.849	None	8820	Good		
http://ccb.hms.harvard.edu/t2t/RA7uHeSCejp	Evolutionary ecology	Evolutionary biology	EDAM.TOPIC:3299	http://edamontology.org/topic_3299	0.849	None	1798	Good		
http://ccb.hms.harvard.edu/t2t/RCTaqnGkHfr	Freshwater Ecology	Freshwater biology	EDAM.TOPIC:3573	http://edamontology.org/topic_3573	0.848	None	7050	Good		
http://ccb.hms.harvard.edu/t2t/RKXLhV84ZvM	Freshwater ecology	Freshwater biology	EDAM.TOPIC:3573	http://edamontology.org/topic_3573	0.848	None	2929	Good		
http://ccb.hms.harvard.edu/t2t/RHt9WATPd3Z	genetics and genomics	Genomics	EDAM.TOPIC:0622	http://edamontology.org/topic_0622	0.846	None	2336	Good		
http://ccb.hms.harvard.edu/t2t/RCjmk56E39T	Other biomedical and clinical sciences not elsewhere classified	Biomedical science	EDAM.TOPIC:3344	http://edamontology.org/topic_3344	0.841	None	2204	Good		
http://ccb.hms.harvard.edu/t2t/RGKCvztZxdu	development	Drug development	EDAM.TOPIC:3373	http://edamontology.org/topic_3373	0.84	None	1416	EDAM more specific	Developmental biology	EDAM.TOPIC:3064
http://ccb.hms.harvard.edu/t2t/R5aiViEjEhF	Gastroenterology and Hepatology	Gastroenterology	EDAM.TOPIC:3409	http://edamontology.org/topic_3409	0.835	None	8578	Good		
http://ccb.hms.harvard.edu/t2t/R36E5MPmiH2	Gastroenterology and hepatology	Gastroenterology	EDAM.TOPIC:3409	http://edamontology.org/topic_3409	0.835	None	4708	Good		
http://ccb.hms.harvard.edu/t2t/R8Qnu3ssD7s	Earth and Environmental Sciences	Environmental sciences	EDAM.TOPIC:3855	http://edamontology.org/topic_3855	0.832	None	4816	Good		
http://ccb.hms.harvard.edu/t2t/R8AWe7DWxj7	quantitative	Quantitative genetics	EDAM.TOPIC:3055	http://edamontology.org/topic_3055	0.832	None	1214	EDAM more specific	Ignore	
http://ccb.hms.harvard.edu/t2t/RJpjzBgV4yp	Diseases	Pathology	EDAM.TOPIC:0634	http://edamontology.org/topic_0634	0.831	None	1481	Good		
http://ccb.hms.harvard.edu/t2t/RKERzsfXoub	tandem mass spectrometry	Mass spectrometry	EDAM.TOPIC:0134	http://edamontology.org/topic_0134	0.83	None	1060	Deprecated	Analytical chemistry	EDAM.TOPIC:3370
http://ccb.hms.harvard.edu/t2t/RGrXYkk7g5R	Intensive Care	Critical care medicine	EDAM.TOPIC:3403	http://edamontology.org/topic_3403	0.829	None	8347	Good		
http://ccb.hms.harvard.edu/t2t/RAw7c3XqfX9	Statistics (mathematics)	Mathematics	EDAM.TOPIC:3315	http://edamontology.org/topic_3315	0.829	None	2076	Good		
http://ccb.hms.harvard.edu/t2t/R6R6dXoJRAF	transcript	Transcription	EDAM.TOPIC:0110	http://edamontology.org/topic_0110	0.829	None	1056	EDAM more specific	Ignore	
http://ccb.hms.harvard.edu/t2t/R7QghdySnyS	Genetic polymorphism	DNA polymorphism	EDAM.TOPIC:2885	http://edamontology.org/topic_2885	0.826	None	3580	Good		
http://ccb.hms.harvard.edu/t2t/RpXuLTYjB2q	polymorphisms	DNA polymorphism	EDAM.TOPIC:2885	http://edamontology.org/topic_2885	0.823	None	1454	Good		
http://ccb.hms.harvard.edu/t2t/RAUnw6BpJBV	transcriptome	RNA-Seq	EDAM.TOPIC:3170	http://edamontology.org/topic_3170	0.822	None	8350	EDAM more specific	Transcriptomics	EDAM.TOPIC:3308
http://ccb.hms.harvard.edu/t2t/RBxyHw3rdMp	Transcriptome	RNA-Seq	EDAM.TOPIC:3170	http://edamontology.org/topic_3170	0.822	None	5238	EDAM more specific	Transcriptomics	EDAM.TOPIC:3308
http://ccb.hms.harvard.edu/t2t/RFd42GXiXNL	mutation	DNA mutation	EDAM.TOPIC:2533	http://edamontology.org/topic_2533	0.822	None	4242	Good		
http://ccb.hms.harvard.edu/t2t/R5ogfynkYuK	variation	Genetic variation	EDAM.TOPIC:0199	http://edamontology.org/topic_0199	0.822	None	2960	Good		
http://ccb.hms.harvard.edu/t2t/RH7yUs3g9mA	microarray	Microarrays	EDAM.TOPIC:0200	http://edamontology.org/topic_0200	0.817	None	1600	Deprecated	Microarray experiment	EDAM.TOPIC:3518
http://ccb.hms.harvard.edu/t2t/RAzgbjupg3s	Nephrology	Urology and nephrology	EDAM.TOPIC:3422	http://edamontology.org/topic_3422	0.814	None	1832	Good		
http://ccb.hms.harvard.edu/t2t/RBomn5MG35s	Infectious disease control	Infectious disease	EDAM.TOPIC:3324	http://edamontology.org/topic_3324	0.814	None	1567	Good		
http://ccb.hms.harvard.edu/t2t/R7B7PHHrLYf	Foetal Development and Medicine	Drug development	EDAM.TOPIC:3373	http://edamontology.org/topic_3373	0.813	None	11389	Wrong	Embryology	EDAM.TOPIC:3065
http://ccb.hms.harvard.edu/t2t/R3rmM7cww3q	eEukaryotes	Eukaryotes	EDAM.TOPIC:2818	http://edamontology.org/topic_2818	0.813	None	2510	Deprecated	Model organisms	EDAM.TOPIC:0621
http://ccb.hms.harvard.edu/t2t/RKaTxJD2jiQ	Biochemistry and cell biology not elsewhere classified	Biochemistry	EDAM.TOPIC:3292	http://edamontology.org/topic_3292	0.812	None	5653	Good		
http://ccb.hms.harvard.edu/t2t/R7VAjkqKbHN	Plant biotechnology	Biotechnology	EDAM.TOPIC:3297	http://edamontology.org/topic_3297	0.812	None	1163	Good		
http://ccb.hms.harvard.edu/t2t/RBB4x4fqRBn	Biochemistry and Cell Biology not elsewhere classified	Biochemistry	EDAM.TOPIC:3292	http://edamontology.org/topic_3292	0.812	None	1026	Good		
http://ccb.hms.harvard.edu/t2t/RBgiqPFLywG	Animal Neurobiology	Neurobiology	EDAM.TOPIC:3304	http://edamontology.org/topic_3304	0.81	None	6823	Good		
http://ccb.hms.harvard.edu/t2t/R5xfNoKpFaD	metabolism	Drug metabolism	EDAM.TOPIC:3375	http://edamontology.org/topic_3375	0.81	None	6057	EDAM more specific	Metabolomics	EDAM.TOPIC:3172
http://ccb.hms.harvard.edu/t2t/RCCPDFjshWZ	Molecular and Cellular Biology	Molecular biology	EDAM.TOPIC:3047	http://edamontology.org/topic_3047	0.81	None	4502	Good		
http://ccb.hms.harvard.edu/t2t/R3La3VnX2XG	scanning electron microscopy	Electron microscopy	EDAM.TOPIC:0611	http://edamontology.org/topic_0611	0.809	None	1420	Good		
http://ccb.hms.harvard.edu/t2t/RGUyHQzXbvB	human	Human genetics	EDAM.TOPIC:3574	http://edamontology.org/topic_3574	0.808	None	1764	EDAM more specific	Ignore	
http://ccb.hms.harvard.edu/t2t/RCKFGBXUB77	Cancer Cell Biology	Oncology	EDAM.TOPIC:2640	http://edamontology.org/topic_2640	0.807	None	20205	Good		
http://ccb.hms.harvard.edu/t2t/RFKug8VAfnL	Drug research and development	Drug development	EDAM.TOPIC:3373	http://edamontology.org/topic_3373	0.805	None	1978	Good		
http://ccb.hms.harvard.edu/t2t/R7idAmzuWSD	analysis	Sequence analysis	EDAM.TOPIC:0080	http://edamontology.org/topic_0080	0.803	None	9569	EDAM more specific	Ignore	
http://ccb.hms.harvard.edu/t2t/RHeAAoKpA7J	Epigenetics (incl. Genome Methylation and Epigenomics)	Epigenomics	EDAM.TOPIC:3173	http://edamontology.org/topic_3173	0.802	None	24153	Good		
http://ccb.hms.harvard.edu/t2t/R3FHjihiYnv	molecule	Molecules	EDAM.TOPIC:2839	http://edamontology.org/topic_2839	0.801	None	3287	Deprecated	Chemistry	EDAM.TOPIC:3314
http://ccb.hms.harvard.edu/t2t/R3YZAjdsdAb	Musculoskeletal system	Musculoskeletal medicine	EDAM.TOPIC:3416	http://edamontology.org/topic_3416	0.801	None	1619	Good		
http://ccb.hms.harvard.edu/t2t/RFSwCqCUtUp	Systems Physiology	Systems biology	EDAM.TOPIC:2259	http://edamontology.org/topic_2259	0.799	None	7840	Good		
http://ccb.hms.harvard.edu/t2t/R46MdjFvsSV	genome-wide association study	GWAS study	EDAM.TOPIC:3517	http://edamontology.org/topic_3517	0.798	None	1864	Good		
http://ccb.hms.harvard.edu/t2t/RG2R2LegidX	1 H NMR	NMR	EDAM.TOPIC:0593	http://edamontology.org/topic_0593	0.798	None	1351	Good		
http://ccb.hms.harvard.edu/t2t/RBrChbQWpmq	pathogen	Pathogens	EDAM.TOPIC:0783	http://edamontology.org/topic_0783	0.797	None	1891	Deprecated	Infectious disease	EDAM.TOPIC:3324
http://ccb.hms.harvard.edu/t2t/RCGY6XtdMLv	safety	Safety sciences	EDAM.TOPIC:3377	http://edamontology.org/topic_3377	0.797	None	1435	Good		
http://ccb.hms.harvard.edu/t2t/R3bQrMYzo5Z	bioinformatics analysis	Bioinformatics	EDAM.TOPIC:0091	http://edamontology.org/topic_0091	0.794	None	1359	Good		
http://ccb.hms.harvard.edu/t2t/RExN6smBQJN	Critical care and emergency medicine	Critical care medicine	EDAM.TOPIC:3403	http://edamontology.org/topic_3403	0.792	None	1676	Good		
http://ccb.hms.harvard.edu/t2t/RGfuzhjLFuw	markers	Biomarkers	EDAM.TOPIC:3360	http://edamontology.org/topic_3360	0.792	None	1312	EDAM more specific	Ignore	
http://ccb.hms.harvard.edu/t2t/R8jfkVDL5dw	Medical microbiology	Microbiology	EDAM.TOPIC:3301	http://edamontology.org/topic_3301	0.79	None	3272	Good		
http://ccb.hms.harvard.edu/t2t/R8ezQGywC5h	Basic Pharmacology	Pharmacology	EDAM.TOPIC:0202	http://edamontology.org/topic_0202	0.788	None	15567	Good		
http://ccb.hms.harvard.edu/t2t/RGVLBVRNMZ7	genomic	Genomics	EDAM.TOPIC:0622	http://edamontology.org/topic_0622	0.788	None	1537	Good		
http://ccb.hms.harvard.edu/t2t/RJGtAiS5hvu	transmission electron microscopy	Electron microscopy	EDAM.TOPIC:0611	http://edamontology.org/topic_0611	0.788	None	1145	Good		
http://ccb.hms.harvard.edu/t2t/RA8vzrd5wdr	Genome evolution	Evolutionary biology	EDAM.TOPIC:3299	http://edamontology.org/topic_3299	0.788	None	1046	Good		
http://ccb.hms.harvard.edu/t2t/RHQyjp6a8q7	Infectious disease epidemiology	Infectious disease	EDAM.TOPIC:3324	http://edamontology.org/topic_3324	0.785	None	3359	Good		
http://ccb.hms.harvard.edu/t2t/RBUtn5dF9je	experiment	PCR experiment	EDAM.TOPIC:3519	http://edamontology.org/topic_3519	0.784	None	2089	EDAM more specific	Ignore	
http://ccb.hms.harvard.edu/t2t/R83YvvHFbGe	Animal Nutrition	Nutritional science	EDAM.TOPIC:3390	http://edamontology.org/topic_3390	0.782	None	6039	Good		
http://ccb.hms.harvard.edu/t2t/RAKd5AMzWA9	Mathematical Physics not elsewhere classified	Mathematics	EDAM.TOPIC:3315	http://edamontology.org/topic_3315	0.782	None	1092	Good		
http://ccb.hms.harvard.edu/t2t/RKE5DtAaoNM	promoter	Promoters	EDAM.TOPIC:1312	http://edamontology.org/topic_1312	0.782	None	1072	Deprecated	Transcription factors and regulatory sites	EDAM.TOPIC:0749
http://ccb.hms.harvard.edu/t2t/R4hTkwdzmiS	technology	Biotechnology	EDAM.TOPIC:3297	http://edamontology.org/topic_3297	0.782	None	1016	Good		
http://ccb.hms.harvard.edu/t2t/RBKPPh9VX4D	Psychiatry (incl. Psychotherapy)	Psychiatry	EDAM.TOPIC:3419	http://edamontology.org/topic_3419	0.776	None	12560	Good		
http://ccb.hms.harvard.edu/t2t/R8VdwBSNWog	method	Laboratory techniques	EDAM.TOPIC:3361	http://edamontology.org/topic_3361	0.776	None	12468	Deprecated	Data acquisition	EDAM.TOPIC:3077
http://ccb.hms.harvard.edu/t2t/R8HLBsxQkZj	molecular	Molecular genetics	EDAM.TOPIC:3321	http://edamontology.org/topic_3321	0.776	None	2103	Good		
http://ccb.hms.harvard.edu/t2t/R9pM5Tg5ApR	transcriptomes	Transcriptomics	EDAM.TOPIC:3308	http://edamontology.org/topic_3308	0.776	None	1190	Good		
http://ccb.hms.harvard.edu/t2t/RBUFSB2XdGa	Arabidopsis thaliana	Arabidopsis	EDAM.TOPIC:0786	http://edamontology.org/topic_0786	0.775	None	1752	Deprecated	Plant biology	EDAM.TOPIC:0780
http://ccb.hms.harvard.edu/t2t/R4aDFEWnKxU	metabolome	Metabolomics	EDAM.TOPIC:3172	http://edamontology.org/topic_3172	0.773	None	1466	Good		
http://ccb.hms.harvard.edu/t2t/RHif46kB2q5	Animal Immunology	Immunology	EDAM.TOPIC:0804	http://edamontology.org/topic_0804	0.772	None	35011	Good		
http://ccb.hms.harvard.edu/t2t/RC9fAJMBEEo	Cell Physiology	Physiology	EDAM.TOPIC:3300	http://edamontology.org/topic_3300	0.772	None	7929	Wrong	Cell biology	EDAM.TOPIC:2229
http://ccb.hms.harvard.edu/t2t/R9dPTvoavJi	Medical Genetics (excl. Cancer Genetics)	Genetics	EDAM.TOPIC:3053	http://edamontology.org/topic_3053	0.769	None	8157	Good		
http://ccb.hms.harvard.edu/t2t/R7DSGoKyyp8	Obstetrics and gynecology	Gynaecology and obstetrics	EDAM.TOPIC:3411	http://edamontology.org/topic_3411	0.763	None	3233	Good		
http://ccb.hms.harvard.edu/t2t/RGYfrY5NrPV	flow cytometry	Cytometry	EDAM.TOPIC:3934	http://edamontology.org/topic_3934	0.761	None	1929	Good		
http://ccb.hms.harvard.edu/t2t/RGnxNsm3kTN	Anatomy and physiology	Anatomy	EDAM.TOPIC:3067	http://edamontology.org/topic_3067	0.76	None	6712	Good		
http://ccb.hms.harvard.edu/t2t/RF7jhpDZ7jc	metabolic	Metabolic disease	EDAM.TOPIC:3323	http://edamontology.org/topic_3323	0.76	None	1395	EDAM more specific	Metabolomics	EDAM.TOPIC:3172
http://ccb.hms.harvard.edu/t2t/R7LKkhHoPxD	diversity	Biodiversity	EDAM.TOPIC:3050	http://edamontology.org/topic_3050	0.759	None	4617	EDAM more specific	Ignore	
http://ccb.hms.harvard.edu/t2t/RC7xFfzEHxL	pathways	Signaling pathways	EDAM.TOPIC:0754	http://edamontology.org/topic_0754	0.754	None	1473	EDAM more specific	Ignore	
http://ccb.hms.harvard.edu/t2t/R6MWAGHCEqL	Medical and Health Sciences not elsewhere classified	Biomedical science	EDAM.TOPIC:3344	http://edamontology.org/topic_3344	0.751	None	9062	Good		
http://ccb.hms.harvard.edu/t2t/R7NcwMaD7VA	Applied Computer Science	Computer science	EDAM.TOPIC:3316	http://edamontology.org/topic_3316	0.75	None	2470	Good		
http://ccb.hms.harvard.edu/t2t/RCcGwx4pAex	cardiovascular disease	Cardiology	EDAM.TOPIC:3335	http://edamontology.org/topic_3335	0.75	None	1853	Good		
http://ccb.hms.harvard.edu/t2t/R8xg6wNYi5J	Geriatrics and Gerontology	Geriatric medicine	EDAM.TOPIC:3399	http://edamontology.org/topic_3399	0.749	None	9169	Good		
http://ccb.hms.harvard.edu/t2t/R76HptZdyTv	sequences	Protein sequences	EDAM.TOPIC:3043	http://edamontology.org/topic_3043	0.749	None	2944	EDAM more specific	Sequencing	EDAM.TOPIC:3168
http://ccb.hms.harvard.edu/t2t/RKECnfaTVk2	Plant Cell and Molecular Biology	Molecular biology	EDAM.TOPIC:3047	http://edamontology.org/topic_3047	0.748	None	32830	One to many mapping	Plant biology|Molecular biology	EDAM.TOPIC:0780|EDAM.TOPIC:3047
http://ccb.hms.harvard.edu/t2t/R6RfDEikCui	Pharmacology and Pharmaceutical Sciences not elsewhere classified	Pharmacology	EDAM.TOPIC:0202	http://edamontology.org/topic_0202	0.748	None	16292	Good		
http://ccb.hms.harvard.edu/t2t/R8aRFvT2F8H	Animal Physiology - Biophysics	Biophysics	EDAM.TOPIC:3306	http://edamontology.org/topic_3306	0.748	None	14149	Good		
http://ccb.hms.harvard.edu/t2t/RJMjUSyyCNN	Clinical Microbiology	Microbiology	EDAM.TOPIC:3301	http://edamontology.org/topic_3301	0.748	None	7739	Good		
http://ccb.hms.harvard.edu/t2t/R45p7AfmbXq	Plant cell and molecular biology	Molecular biology	EDAM.TOPIC:3047	http://edamontology.org/topic_3047	0.748	None	2859	One to many mapping	Plant biology|Molecular biology	EDAM.TOPIC:0780|EDAM.TOPIC:3047
http://ccb.hms.harvard.edu/t2t/RKDpYfPQvwP	Animal physiology - biophysics	Biophysics	EDAM.TOPIC:3306	http://edamontology.org/topic_3306	0.748	None	2479	Good		
http://ccb.hms.harvard.edu/t2t/RFsD2heQTMG	tissue	Biobank	EDAM.TOPIC:3337	http://edamontology.org/topic_3337	0.748	None	1978	unsure	Check data	
http://ccb.hms.harvard.edu/t2t/R3zH7pKNqJk	Community Child Health	Paediatrics	EDAM.TOPIC:3418	http://edamontology.org/topic_3418	0.746	None	8710	Good		
http://ccb.hms.harvard.edu/t2t/RFApf3FRNsX	Animal Cell and Molecular Biology	Molecular biology	EDAM.TOPIC:3047	http://edamontology.org/topic_3047	0.746	None	6667	Good		
http://ccb.hms.harvard.edu/t2t/R3rF3j6ZP9M	Geomatic Engineering	Genetic engineering	EDAM.TOPIC:3912	http://edamontology.org/topic_3912	0.746	None	6455	Wrong	Ignore	
http://ccb.hms.harvard.edu/t2t/R8bZUDJBs3d	function	Protein function prediction	EDAM.TOPIC:2276	http://edamontology.org/topic_2276	0.746	None	3904	EDAM more specific	Ignore	
http://ccb.hms.harvard.edu/t2t/R9pgX2kBbmc	Animal cell and molecular biology	Molecular biology	EDAM.TOPIC:3047	http://edamontology.org/topic_3047	0.746	None	3309	Good		
http://ccb.hms.harvard.edu/t2t/R8T8ULU8PMA	Physical Chemistry not elsewhere classified	Chemistry	EDAM.TOPIC:3314	http://edamontology.org/topic_3314	0.745	None	2684	Good		
http://ccb.hms.harvard.edu/t2t/R8usDUzFcHU	Animal management	Data management	EDAM.TOPIC:3071	http://edamontology.org/topic_3071	0.745	None	2124	Wrong	Agricultural science	EDAM.TOPIC:3810
http://ccb.hms.harvard.edu/t2t/R8RbN7LbNca	Plant Pathology	Pathology	EDAM.TOPIC:0634	http://edamontology.org/topic_0634	0.743	None	32871	Wrong	Plant biology	EDAM.TOPIC:0780
http://ccb.hms.harvard.edu/t2t/RGvu3woCCFJ	Plant pathology	Pathology	EDAM.TOPIC:0634	http://edamontology.org/topic_0634	0.743	None	1317	Wrong	Plant biology	EDAM.TOPIC:0780
http://ccb.hms.harvard.edu/t2t/RDsYQhnyFmH	Conservation and Biodiversity	Biodiversity	EDAM.TOPIC:3050	http://edamontology.org/topic_3050	0.742	None	7157	Good		
http://ccb.hms.harvard.edu/t2t/R6GGqS4XyZM	Electroanalytical Chemistry	Analytical chemistry	EDAM.TOPIC:3370	http://edamontology.org/topic_3370	0.742	None	4107	Good		
http://ccb.hms.harvard.edu/t2t/R5FiZensTh6	Conservation and biodiversity	Biodiversity	EDAM.TOPIC:3050	http://edamontology.org/topic_3050	0.742	None	1503	Good		
http://ccb.hms.harvard.edu/t2t/R3byKUZmS7d	vivo </	Laboratory animal science	EDAM.TOPIC:3386	http://edamontology.org/topic_3386	0.741	None	3780	Good		
http://ccb.hms.harvard.edu/t2t/RBBA9WsEgTi	vivo	Laboratory animal science	EDAM.TOPIC:3386	http://edamontology.org/topic_3386	0.741	None	1136	Good		
http://ccb.hms.harvard.edu/t2t/REreazEqcNp	research	Laboratory animal science	EDAM.TOPIC:3386	http://edamontology.org/topic_3386	0.738	None	2001	Wrong	Ignore	
http://ccb.hms.harvard.edu/t2t/R6T4aNjnFzK	networks	Protein interaction networks	EDAM.TOPIC:3044	http://edamontology.org/topic_3044	0.738	None	1153	EDAM more specific	Ignore	
http://ccb.hms.harvard.edu/t2t/RJPWtheVHAp	Bioinformatics and computational biology not elsewhere classified	Computational biology	EDAM.TOPIC:3307	http://edamontology.org/topic_3307	0.737	None	11754	Good		
http://ccb.hms.harvard.edu/t2t/RG38YDKh5Wi	information	Informatics	EDAM.TOPIC:0605	http://edamontology.org/topic_0605	0.736	None	3053	Good		
http://ccb.hms.harvard.edu/t2t/R3qaVnc45ox	Mental health and psychiatry	Psychiatry	EDAM.TOPIC:3419	http://edamontology.org/topic_3419	0.736	None	2036	Good		
http://ccb.hms.harvard.edu/t2t/RGvReia7d3w	literature review	Literature and language	EDAM.TOPIC:3068	http://edamontology.org/topic_3068	0.736	None	1006	Good		
http://ccb.hms.harvard.edu/t2t/RJgHj56axHj	Plant Physiology	Plant biology	EDAM.TOPIC:0780	http://edamontology.org/topic_0780	0.734	None	32943	Good		
http://ccb.hms.harvard.edu/t2t/RJYGAQhzUQh	Veterinary Parasitology	Parasitology	EDAM.TOPIC:3302	http://edamontology.org/topic_3302	0.734	None	6080	Good		
http://ccb.hms.harvard.edu/t2t/RD7DoUZYwcC	Plant physiology	Plant biology	EDAM.TOPIC:0780	http://edamontology.org/topic_0780	0.734	None	1082	Good		
http://ccb.hms.harvard.edu/t2t/RAMBu4tXgqJ	Gene Expression (incl. Microarray and other genome-wide approaches)	Gene expression and microarray	EDAM.TOPIC:0629	http://edamontology.org/topic_0629	0.733	None	24624	Deprecated	Gene expression	EDAM.TOPIC:0203
http://ccb.hms.harvard.edu/t2t/RGAZdGEKVPT	Plant ecology	Plant biology	EDAM.TOPIC:0780	http://edamontology.org/topic_0780	0.733	None	1840	Good		
http://ccb.hms.harvard.edu/t2t/RC4M2FJ2t6d	urology	Urology and nephrology	EDAM.TOPIC:3422	http://edamontology.org/topic_3422	0.733	None	1668	Good		
http://ccb.hms.harvard.edu/t2t/RADNjRug8xL	general population	Population genetics	EDAM.TOPIC:3056	http://edamontology.org/topic_3056	0.733	None	1478	Good		
http://ccb.hms.harvard.edu/t2t/RJgNygBakQv	Gene expression (incl. microarray and other genome-wide approaches)	Gene expression and microarray	EDAM.TOPIC:0629	http://edamontology.org/topic_0629	0.733	None	1451	Deprecated	Gene expression	EDAM.TOPIC:0203
http://ccb.hms.harvard.edu/t2t/R7RAdPhDKUo	Cancer Genetics	Genetics	EDAM.TOPIC:3053	http://edamontology.org/topic_3053	0.732	None	20124	One to many mapping	Oncology|Genetics	EDAM.TOPIC:2640|EDAM.TOPIC:3053
http://ccb.hms.harvard.edu/t2t/RAKHfuv4ekE	Cancer genetics	Genetics	EDAM.TOPIC:3053	http://edamontology.org/topic_3053	0.732	None	2172	One to many mapping	Oncology|Genetics	EDAM.TOPIC:2640|EDAM.TOPIC:3053
http://ccb.hms.harvard.edu/t2t/RFengJtVYLw	technique	Laboratory techniques	EDAM.TOPIC:3361	http://edamontology.org/topic_3361	0.732	None	1430	EDAM more specific		
http://ccb.hms.harvard.edu/t2t/RET8p8wm3Dw	life	Biosciences	EDAM.TOPIC:4019	http://edamontology.org/topic_4019	0.731	None	1884	Good		
http://ccb.hms.harvard.edu/t2t/R5Jr5ZvwAkZ	Clinical immunology	Immunology	EDAM.TOPIC:0804	http://edamontology.org/topic_0804	0.729	None	5325	Good		
http://ccb.hms.harvard.edu/t2t/RAnhXgvHSSB	Structural Geology	Structural biology	EDAM.TOPIC:1317	http://edamontology.org/topic_1317	0.728	None	3860	Wrong	Ignore	
http://ccb.hms.harvard.edu/t2t/R47KX7r7wMN	agriculture	Agricultural science	EDAM.TOPIC:3810	http://edamontology.org/topic_3810	0.728	None	3641	Good		
http://ccb.hms.harvard.edu/t2t/RGVij5r7hxg	probability	Statistics and probability	EDAM.TOPIC:2269	http://edamontology.org/topic_2269	0.728	None	1475	Good		
http://ccb.hms.harvard.edu/t2t/Ryzkgr9DyAL	acute	Critical care medicine	EDAM.TOPIC:3403	http://edamontology.org/topic_3403	0.728	None	1157	EDAM more specific	Check data	
http://ccb.hms.harvard.edu/t2t/R7wyqvkLdNq	Medical Virology	Virology	EDAM.TOPIC:0781	http://edamontology.org/topic_0781	0.727	None	7547	Good		
http://ccb.hms.harvard.edu/t2t/Rh57rnpUoqo	Vascular medicine	Cardiology	EDAM.TOPIC:3335	http://edamontology.org/topic_3335	0.727	None	1238	Good		
http://ccb.hms.harvard.edu/t2t/R47iBGDwqjX	Bacterial pathogens	Pathogens	EDAM.TOPIC:0783	http://edamontology.org/topic_0783	0.726	None	2846	Deprecated	Infectious disease	EDAM.TOPIC:3324
http://ccb.hms.harvard.edu/t2t/R4RBaspB9YW	Biomedical Engineering not elsewhere classified	Bioengineering	EDAM.TOPIC:3398	http://edamontology.org/topic_3398	0.725	None	11365	Good		
http://ccb.hms.harvard.edu/t2t/RAK65rNRXsY	Biomedical Engineering	Bioengineering	EDAM.TOPIC:3398	http://edamontology.org/topic_3398	0.725	None	1133	Good		
http://ccb.hms.harvard.edu/t2t/RFMsLLvfKvN	demography	Tomography	EDAM.TOPIC:3452	http://edamontology.org/topic_3452	0.724	None	1097	Wrong	Ignore	
http://ccb.hms.harvard.edu/t2t/R788ZT6poA5	food security	Data security	EDAM.TOPIC:3263	http://edamontology.org/topic_3263	0.724	None	1043	Wrong	Ignore	
http://ccb.hms.harvard.edu/t2t/R4qUoQyAxdb	Marine Engineering	Genetic engineering	EDAM.TOPIC:3912	http://edamontology.org/topic_3912	0.723	None	9441	EDAM more specific	Check data	
http://ccb.hms.harvard.edu/t2t/R8eENkm3c97	Marine ecology	Marine biology	EDAM.TOPIC:3387	http://edamontology.org/topic_3387	0.723	None	1911	Good		
http://ccb.hms.harvard.edu/t2t/R4woyBZYuKc	Cancer	Oncology	EDAM.TOPIC:2640	http://edamontology.org/topic_2640	0.722	None	407371	Good		
http://ccb.hms.harvard.edu/t2t/RDEbEfotDob	Cancer Diagnosis	Oncology	EDAM.TOPIC:2640	http://edamontology.org/topic_2640	0.722	None	19968	Good		
http://ccb.hms.harvard.edu/t2t/RKtquC7eiJh	Endocrinology	Endocrinology and metabolism	EDAM.TOPIC:3407	http://edamontology.org/topic_3407	0.722	None	18546	Good		
http://ccb.hms.harvard.edu/t2t/R8afZs9ieVp	cancer	Oncology	EDAM.TOPIC:2640	http://edamontology.org/topic_2640	0.722	None	11712	Good		
http://ccb.hms.harvard.edu/t2t/RH8TFZsvpAu	expression levels	Gene expression	EDAM.TOPIC:0203	http://edamontology.org/topic_0203	0.721	None	1441	Good		
http://ccb.hms.harvard.edu/t2t/R8WS3g5Z6Nc	genotypes	Genotype and phenotype	EDAM.TOPIC:0625	http://edamontology.org/topic_0625	0.721	None	1436	Good		
http://ccb.hms.harvard.edu/t2t/RAx3oYKVqon	Microbial pathogens	Pathogens	EDAM.TOPIC:0783	http://edamontology.org/topic_0783	0.72	None	3300	Deprecated	Infectious disease	EDAM.TOPIC:3324
http://ccb.hms.harvard.edu/t2t/R7ioZufxZrk	populations	Population genetics	EDAM.TOPIC:3056	http://edamontology.org/topic_3056	0.72	None	1651	EDAM more specific	Ignore	
http://ccb.hms.harvard.edu/t2t/R7rgQmmA6ag	Veterinary Surgery	Surgery	EDAM.TOPIC:3421	http://edamontology.org/topic_3421	0.718	None	5961	Good		
http://ccb.hms.harvard.edu/t2t/R9zCCn4opGj	mouse	Mouse clinic	EDAM.TOPIC:3338	http://edamontology.org/topic_3338	0.718	None	2985	EDAM more specific	Ignore	
http://ccb.hms.harvard.edu/t2t/R9bTroWtgcf	Veterinary Pharmacology	Pharmacology	EDAM.TOPIC:0202	http://edamontology.org/topic_0202	0.717	None	5984	Good		
http://ccb.hms.harvard.edu/t2t/RKDnGquEb7B	General pathology	Pathology	EDAM.TOPIC:0634	http://edamontology.org/topic_0634	0.717	None	1753	Good		
http://ccb.hms.harvard.edu/t2t/RDCZ4SVkmvF	Plant genetics	Genetics	EDAM.TOPIC:3053	http://edamontology.org/topic_3053	0.716	None	1463	Good		
http://ccb.hms.harvard.edu/t2t/RAT4YvRASua	recombination	DNA replication and recombination	EDAM.TOPIC:3127	http://edamontology.org/topic_3127	0.716	None	1038	Good		
http://ccb.hms.harvard.edu/t2t/R5GD36ocHKo	mutations	DNA mutation	EDAM.TOPIC:2533	http://edamontology.org/topic_2533	0.715	None	1595	Good		
http://ccb.hms.harvard.edu/t2t/RGnAfcTR9hN	liver disease	Pathology	EDAM.TOPIC:0634	http://edamontology.org/topic_0634	0.715	None	1120	Wrong	Hepatic and biliary medicine	EDAM.TOPIC:3412
http://ccb.hms.harvard.edu/t2t/RK5FFRihcXG	Cell Metabolism	Drug metabolism	EDAM.TOPIC:3375	http://edamontology.org/topic_3375	0.714	None	18246	Wrong	Cell biology	EDAM.TOPIC:2229
http://ccb.hms.harvard.edu/t2t/RCLMxwUf8yt	Geochemistry	Chemistry	EDAM.TOPIC:3314	http://edamontology.org/topic_3314	0.714	None	4671	Good		
http://ccb.hms.harvard.edu/t2t/RBNvhiMrXCi	Geochemistry not elsewhere classified	Chemistry	EDAM.TOPIC:3314	http://edamontology.org/topic_3314	0.714	None	4460	Good		
http://ccb.hms.harvard.edu/t2t/R9dsR3KQ6NV	Animal genetics	Genetics	EDAM.TOPIC:3053	http://edamontology.org/topic_3053	0.713	None	1578	Good		
http://ccb.hms.harvard.edu/t2t/RK8h7RQjgBu	Human biophysics	Biophysics	EDAM.TOPIC:3306	http://edamontology.org/topic_3306	0.713	None	1373	Good		
http://ccb.hms.harvard.edu/t2t/RAQQqrsgFX5	analysis </ p	Sequence analysis	EDAM.TOPIC:0080	http://edamontology.org/topic_0080	0.711	None	2589	EDAM more specific	Ignore	
http://ccb.hms.harvard.edu/t2t/RAePd7b7rNw	Public health	Public health and epidemiology	EDAM.TOPIC:3305	http://edamontology.org/topic_3305	0.71	None	6504	Good		
http://ccb.hms.harvard.edu/t2t/RCDoVrqjw9i	public health	Public health and epidemiology	EDAM.TOPIC:3305	http://edamontology.org/topic_3305	0.71	None	2177	Good		
http://ccb.hms.harvard.edu/t2t/R7u2vFauP6a	Public health not elsewhere classified	Public health and epidemiology	EDAM.TOPIC:3305	http://edamontology.org/topic_3305	0.71	None	1212	Good		
http://ccb.hms.harvard.edu/t2t/R7jpngVrncK	Cardiology (incl. Cardiovascular Diseases)	Cardiology	EDAM.TOPIC:3335	http://edamontology.org/topic_3335	0.709	None	6703	Good		
http://ccb.hms.harvard.edu/t2t/RJgGFLhWRf9	Evolutionary genetics	Evolutionary biology	EDAM.TOPIC:3299	http://edamontology.org/topic_3299	0.709	None	1223	Good		
http://ccb.hms.harvard.edu/t2t/R9VXLnAXtiL	RNA-seq	RNA	EDAM.TOPIC:0099	http://edamontology.org/topic_0099	0.708	None	6645	Good		
http://ccb.hms.harvard.edu/t2t/REXKGoayouK	RNA-Seq	RNA	EDAM.TOPIC:0099	http://edamontology.org/topic_0099	0.708	None	3897	Good		
http://ccb.hms.harvard.edu/t2t/RySHFxCWDAt	prediction	Structure prediction	EDAM.TOPIC:0082	http://edamontology.org/topic_0082	0.708	None	2361	EDAM more specific	Ignore	
http://ccb.hms.harvard.edu/t2t/RHU4va6oaxo	Ecological Physiology	Physiology	EDAM.TOPIC:3300	http://edamontology.org/topic_3300	0.706	None	5560	One to many mapping	Ecology|Physiology	EDAM.TOPIC:0610|EDAM.TOPIC:3300
http://ccb.hms.harvard.edu/t2t/R7G7HkdKaUM	Cardiorespiratory Medicine and Haematology not elsewhere classified	Respiratory medicine	EDAM.TOPIC:3322	http://edamontology.org/topic_3322	0.705	None	6195	Good		
http://ccb.hms.harvard.edu/t2t/R5vDAVyUXZH	Information and Computing Sciences	Informatics	EDAM.TOPIC:0605	http://edamontology.org/topic_0605	0.704	None	10872	Good		
http://ccb.hms.harvard.edu/t2t/R4fMhPT59kR	Chemical Engineering not elsewhere classified	Bioengineering	EDAM.TOPIC:3398	http://edamontology.org/topic_3398	0.7	None	2773	Good		
http://ccb.hms.harvard.edu/t2t/RAVUZgTe5kg	Environmental Chemistry (incl. Atmospheric Chemistry)	Chemistry	EDAM.TOPIC:3314	http://edamontology.org/topic_3314	0.699	None	4149	Good		
http://ccb.hms.harvard.edu/t2t/RAtCrs64h9n	network pharmacology	Pharmacology	EDAM.TOPIC:0202	http://edamontology.org/topic_0202	0.698	None	1696	Good		
http://ccb.hms.harvard.edu/t2t/R7j7dJyzTPV	intensive care unit	Critical care medicine	EDAM.TOPIC:3403	http://edamontology.org/topic_3403	0.698	None	1161	Good		
http://ccb.hms.harvard.edu/t2t/R4pC75udgiw	Animal cells	Zoology	EDAM.TOPIC:3500	http://edamontology.org/topic_3500	0.696	None	1289	Wrong	Laboratory animal science	EDAM.TOPIC:3386
http://ccb.hms.harvard.edu/t2t/RBRjyoX83pH	Organic Chemistry	Chemistry	EDAM.TOPIC:3314	http://edamontology.org/topic_3314	0.695	None	7055	Good		
http://ccb.hms.harvard.edu/t2t/RE9H626B2Wf	Organic chemistry not elsewhere classified	Chemistry	EDAM.TOPIC:3314	http://edamontology.org/topic_3314	0.695	None	2905	Good		
http://ccb.hms.harvard.edu/t2t/RBJNHkJ3cyw	Molecular epidemiology	Molecular biology	EDAM.TOPIC:3047	http://edamontology.org/topic_3047	0.695	None	1068	One to many mapping	Molecular biology|Public health and epidemiology	EDAM.TOPIC:3047|EDAM.TOPIC:3305
http://ccb.hms.harvard.edu/t2t/RGYTwVVD4g9	membrane	Protein membrane regions	EDAM.TOPIC:1456	http://edamontology.org/topic_1456	0.694	None	1246	Deprecated	Membrane and lipoproteins	EDAM.TOPIC:0820
http://ccb.hms.harvard.edu/t2t/RCVdcf7YFw7	Nutritional Physiology	Nutritional science	EDAM.TOPIC:3390	http://edamontology.org/topic_3390	0.693	None	13434	Good		
http://ccb.hms.harvard.edu/t2t/R7HikKo6mSc	Industrial Biotechnology not elsewhere classified	Biotechnology	EDAM.TOPIC:3297	http://edamontology.org/topic_3297	0.693	None	4836	Good		
http://ccb.hms.harvard.edu/t2t/R69gTAgFrpa	Plant Systematics and Taxonomy	Taxonomy	EDAM.TOPIC:0637	http://edamontology.org/topic_0637	0.692	None	33102	Good		
http://ccb.hms.harvard.edu/t2t/RJ3ZRt5ZbBn	Health Care	Regulatory affairs	EDAM.TOPIC:3394	http://edamontology.org/topic_3394	0.692	None	6230	OK	Quality affairs	EDAM.TOPIC:3393
http://ccb.hms.harvard.edu/t2t/R9iGX8yhKep	health care	Regulatory affairs	EDAM.TOPIC:3394	http://edamontology.org/topic_3394	0.692	None	4601	OK	Quality affairs	EDAM.TOPIC:3393
http://ccb.hms.harvard.edu/t2t/RC6a8yMTMsS	Immuno-oncology	Oncology	EDAM.TOPIC:2640	http://edamontology.org/topic_2640	0.692	None	1417	One to many mapping	Immunology|Oncology	EDAM.TOPIC:0804|EDAM.TOPIC:2640
http://ccb.hms.harvard.edu/t2t/R9mkTWDBNZN	Population biology	Population genetics	EDAM.TOPIC:3056	http://edamontology.org/topic_3056	0.691	None	7679	Good		
http://ccb.hms.harvard.edu/t2t/RBpsvrNtPWf	Animal Systematics and Taxonomy	Taxonomy	EDAM.TOPIC:0637	http://edamontology.org/topic_0637	0.691	None	6991	Good		
http://ccb.hms.harvard.edu/t2t/R5bFyswcGu6	simulation	Simulation experiment	EDAM.TOPIC:3524	http://edamontology.org/topic_3524	0.691	None	2283	Good		
http://ccb.hms.harvard.edu/t2t/RD9XZX5PheN	vaccine	Vaccinology	EDAM.TOPIC:3966	http://edamontology.org/topic_3966	0.689	None	1670	Good		
http://ccb.hms.harvard.edu/t2t/R3e9GuirZVY	16S rRNA	rRNA	EDAM.TOPIC:0660	http://edamontology.org/topic_0660	0.688	None	1104	Deprecated	Functional, regulatory and non-coding RNA	EDAM.TOPIC:0659
http://ccb.hms.harvard.edu/t2t/R3bqxGatCog	Cellular Immunology	Immunology	EDAM.TOPIC:0804	http://edamontology.org/topic_0804	0.687	None	28963	Good		
http://ccb.hms.harvard.edu/t2t/R6H3uv5wYuK	Applied Physics	Applied mathematics	EDAM.TOPIC:3569	http://edamontology.org/topic_3569	0.687	None	1700	Wrong	Physics	EDAM.TOPIC:3318
http://ccb.hms.harvard.edu/t2t/RH896Aw9kDW	Applied Statistics	Applied mathematics	EDAM.TOPIC:3569	http://edamontology.org/topic_3569	0.686	None	1000	Wrong	Statistics and probability	EDAM.TOPIC:2269
http://ccb.hms.harvard.edu/t2t/R6w9WKzHeCL	Transcriptome analysis	RNA-Seq	EDAM.TOPIC:3170	http://edamontology.org/topic_3170	0.684	None	1794	EDAM more specific	Transcriptomics	EDAM.TOPIC:3308
http://ccb.hms.harvard.edu/t2t/RFY7nRxa66L	transcriptome analysis	RNA-Seq	EDAM.TOPIC:3170	http://edamontology.org/topic_3170	0.684	None	1203	EDAM more specific	Transcriptomics	EDAM.TOPIC:3308
http://ccb.hms.harvard.edu/t2t/RF3bZvPhzzS	Radiology and imaging	Imaging	EDAM.TOPIC:3382	http://edamontology.org/topic_3382	0.684	None	1029	OK	Medical imaging	EDAM.TOPIC:3384
http://ccb.hms.harvard.edu/t2t/REBqCWop4WH	Clinical genetics	Medical informatics	EDAM.TOPIC:3063	http://edamontology.org/topic_3063	0.683	None	2421	Good		
http://ccb.hms.harvard.edu/t2t/RE5tbugVcx7	Food Engineering	Genetic engineering	EDAM.TOPIC:3912	http://edamontology.org/topic_3912	0.683	None	1715	Good		
http://ccb.hms.harvard.edu/t2t/RAGV75Ta58w	Animal Developmental and Reproductive Biology	Developmental biology	EDAM.TOPIC:3064	http://edamontology.org/topic_3064	0.682	None	6306	Good		
http://ccb.hms.harvard.edu/t2t/RJneqzxyTQt	Animal Physiology - Systems	Systems biology	EDAM.TOPIC:2259	http://edamontology.org/topic_2259	0.681	None	17779	Good		
http://ccb.hms.harvard.edu/t2t/RAAr5PAfF5K	Animal physiology - systems	Systems biology	EDAM.TOPIC:2259	http://edamontology.org/topic_2259	0.681	None	1446	Good		
http://ccb.hms.harvard.edu/t2t/RD3rkT9YVKq	Applied microbiology	Microbiology	EDAM.TOPIC:3301	http://edamontology.org/topic_3301	0.681	None	1378	Good		
http://ccb.hms.harvard.edu/t2t/RGonjYXLWSC	Proteomics and Intermolecular Interactions (excl. Medical Proteomics)	Proteomics	EDAM.TOPIC:0121	http://edamontology.org/topic_0121	0.68	None	5402	Good		
http://ccb.hms.harvard.edu/t2t/R6rC4a8LMag	Nutrition and Dietetics not elsewhere classified	Nutritional science	EDAM.TOPIC:3390	http://edamontology.org/topic_3390	0.677	None	6435	Good		
http://ccb.hms.harvard.edu/t2t/RHpYW9Ty7cD	Neurology and Neuromuscular Diseases	Neurology	EDAM.TOPIC:3334	http://edamontology.org/topic_3334	0.676	None	8260	Good		
http://ccb.hms.harvard.edu/t2t/R64n6Nzyy2D	Plant Developmental and Reproductive Biology	Developmental biology	EDAM.TOPIC:3064	http://edamontology.org/topic_3064	0.675	None	32739	One to many mapping	Plant biology|Developmental biology	EDAM.TOPIC:0780|EDAM.TOPIC:3064
http://ccb.hms.harvard.edu/t2t/RKxbPRbZWKv	Humoural Immunology and Immunochemistry	Immunology	EDAM.TOPIC:0804	http://edamontology.org/topic_0804	0.675	None	28876	Good		
http://ccb.hms.harvard.edu/t2t/RE2TsikHtfe	Medical Biochemistry and Metabolomics not elsewhere classified	Metabolomics	EDAM.TOPIC:3172	http://edamontology.org/topic_3172	0.675	None	4157	Good		
http://ccb.hms.harvard.edu/t2t/RAcAFaEPjJ9	pathogenesis	Pathogens	EDAM.TOPIC:0783	http://edamontology.org/topic_0783	0.675	None	2276	Deprecated	Infectious disease	EDAM.TOPIC:3324
http://ccb.hms.harvard.edu/t2t/RK9P9RLgLzv	Agricultural Engineering	Agricultural science	EDAM.TOPIC:3810	http://edamontology.org/topic_3810	0.672	None	1356	Good		
http://ccb.hms.harvard.edu/t2t/R4NChgGJfDU	binding	Protein binding sites	EDAM.TOPIC:3534	http://edamontology.org/topic_3534	0.671	None	3493	EDAM more specific	Ignore	
http://ccb.hms.harvard.edu/t2t/R6UD6HadQqb	Population Ecology	Population genetics	EDAM.TOPIC:3056	http://edamontology.org/topic_3056	0.668	None	5901	Good		
http://ccb.hms.harvard.edu/t2t/RE7ic4EryXR	Population ecology	Population genetics	EDAM.TOPIC:3056	http://edamontology.org/topic_3056	0.668	None	3184	Good		
http://ccb.hms.harvard.edu/t2t/RERzutzcBc8	Molecular biology techniques	Molecular biology	EDAM.TOPIC:3047	http://edamontology.org/topic_3047	0.666	None	1498	Good		
http://ccb.hms.harvard.edu/t2t/RKJ3Wza98TP	Sports Medicine	Medicine	EDAM.TOPIC:3303	http://edamontology.org/topic_3303	0.666	None	1023	Good		
http://ccb.hms.harvard.edu/t2t/R8cZwVKCETu	Engineering Practice	Genetic engineering	EDAM.TOPIC:3912	http://edamontology.org/topic_3912	0.665	None	1018	EDAM more specific	Ignore	
http://ccb.hms.harvard.edu/t2t/R8qhyJzRCQL	Environmental epidemiology	Microbial ecology	EDAM.TOPIC:3697	http://edamontology.org/topic_3697	0.665	None	1011	Wrong	Public health and epidemiology	EDAM.TOPIC:3305
http://ccb.hms.harvard.edu/t2t/RF2CDthYj2E	microbiome	Microbiology	EDAM.TOPIC:3301	http://edamontology.org/topic_3301	0.664	None	3246	Wrong	Microbial ecology	EDAM.TOPIC:3697
http://ccb.hms.harvard.edu/t2t/R8crese8H4d	crystal	X-ray diffraction	EDAM.TOPIC:2828	http://edamontology.org/topic_2828	0.664	None	2345	EDAM more specific	Ignore	
http://ccb.hms.harvard.edu/t2t/R86GB8ssHuc	Microbiome	Microbiology	EDAM.TOPIC:3301	http://edamontology.org/topic_3301	0.664	None	1516	Wrong	Microbial ecology	EDAM.TOPIC:3697
http://ccb.hms.harvard.edu/t2t/R4APAQUXrnD	Sequencing techniques	Sequencing	EDAM.TOPIC:3168	http://edamontology.org/topic_3168	0.663	None	1101	Good		
http://ccb.hms.harvard.edu/t2t/RiRd65umeAA	disorder	Protein disordered structure	EDAM.TOPIC:3538	http://edamontology.org/topic_3538	0.662	None	1128	EDAM more specific	Ignore	
http://ccb.hms.harvard.edu/t2t/RCamGLryaFL	Veterinary Immunology	Immunology	EDAM.TOPIC:0804	http://edamontology.org/topic_0804	0.661	None	34839	Good		
http://ccb.hms.harvard.edu/t2t/RC5dKC2q4gF	Nuclear Chemistry	Chemistry	EDAM.TOPIC:3314	http://edamontology.org/topic_3314	0.66	None	4072	Good		
http://ccb.hms.harvard.edu/t2t/RGX3XHrazt4	precipitation	RNA immunoprecipitation	EDAM.TOPIC:3794	http://edamontology.org/topic_3794	0.659	None	3971	EDAM more specific	Ignore	
http://ccb.hms.harvard.edu/t2t/REMwAT7iegi	future studies	Experimental design and studies	EDAM.TOPIC:3678	http://edamontology.org/topic_3678	0.659	None	2275	EDAM more specific	Ignore	
http://ccb.hms.harvard.edu/t2t/RApRYDo27ck	Computational Physics	Computational biology	EDAM.TOPIC:3307	http://edamontology.org/topic_3307	0.659	None	1271	EDAM more specific	Ignore	
http://ccb.hms.harvard.edu/t2t/RBkErnRXbnA	rats	Mice or rats	EDAM.TOPIC:0213	http://edamontology.org/topic_0213	0.659	None	1156	deprecated?	Ignore	
http://ccb.hms.harvard.edu/t2t/RidkPdkausC	Tumour Immunology	Immunology	EDAM.TOPIC:0804	http://edamontology.org/topic_0804	0.657	None	28921	Good		
http://ccb.hms.harvard.edu/t2t/R8S9WN6tLiM	Pathology and laboratory medicine	Laboratory techniques	EDAM.TOPIC:3361	http://edamontology.org/topic_3361	0.657	None	2099	One to many mapping	Pathology|Data acquisition	EDAM.TOPIC:0634|EDAM.TOPIC:3077
http://ccb.hms.harvard.edu/t2t/RB2ErZs3vbt	Evolutionary processes	Evolutionary biology	EDAM.TOPIC:3299	http://edamontology.org/topic_3299	0.657	None	1811	Good		
http://ccb.hms.harvard.edu/t2t/R4jAM3o7bJ2	healthcare workers	Regulatory affairs	EDAM.TOPIC:3394	http://edamontology.org/topic_3394	0.657	None	1563	OK	Quality affairs	EDAM.TOPIC:3393
http://ccb.hms.harvard.edu/t2t/RGNKNaKPj7h	Animal types	Zoology	EDAM.TOPIC:3500	http://edamontology.org/topic_3500	0.657	None	1283	Good		
http://ccb.hms.harvard.edu/t2t/RHq82d88G5D	replication	DNA replication and recombination	EDAM.TOPIC:3127	http://edamontology.org/topic_3127	0.657	None	1113	EDAM more specific	Ignore	
http://ccb.hms.harvard.edu/t2t/RK3CoazcmCV	Genetics of disease	Pathology	EDAM.TOPIC:0634	http://edamontology.org/topic_0634	0.656	None	2395	One to many mapping	Pathology|Genetics	EDAM.TOPIC:0634|EDAM.TOPIC:3053
http://ccb.hms.harvard.edu/t2t/RJjQDt67kC3	Cohort studies	Experimental design and studies	EDAM.TOPIC:3678	http://edamontology.org/topic_3678	0.655	None	1999	Wrong	Preclinical and clinical studies	EDAM.TOPIC:3379
http://ccb.hms.harvard.edu/t2t/RBfPEzR2eDf	Mathematical Sciences not elsewhere classified	Mathematics	EDAM.TOPIC:3315	http://edamontology.org/topic_3315	0.653	None	95092	Good		
http://ccb.hms.harvard.edu/t2t/RFy2RFnj7hB	Immunologic techniques	Laboratory techniques	EDAM.TOPIC:3361	http://edamontology.org/topic_3361	0.653	None	1051	Deprecated	Data acquisition	EDAM.TOPIC:3077
http://ccb.hms.harvard.edu/t2t/R8AzJzcg6kt	Population, Ecological and Evolutionary Genetics	Population genetics	EDAM.TOPIC:3056	http://edamontology.org/topic_3056	0.652	None	1094	Good		
http://ccb.hms.harvard.edu/t2t/R5R2iunqdRe	findings indicate	Gene finding	EDAM.TOPIC:0109	http://edamontology.org/topic_0109	0.651	None	1754	Wrong	Ignore	
http://ccb.hms.harvard.edu/t2t/R7nKasEgxQb	Materials Engineering not elsewhere classified	Genetic engineering	EDAM.TOPIC:3912	http://edamontology.org/topic_3912	0.65	None	3117	Wrong	Ignore	
http://ccb.hms.harvard.edu/t2t/RGiLRu2zLpe	dynamic	Molecular dynamics	EDAM.TOPIC:0176	http://edamontology.org/topic_0176	0.65	None	1360	EDAM more specific	Ignore	
http://ccb.hms.harvard.edu/t2t/REaCmf8TZXw	marker	Biomarkers	EDAM.TOPIC:3360	http://edamontology.org/topic_3360	0.649	None	1629	EDAM more specific	Ignore	
http://ccb.hms.harvard.edu/t2t/RCLKQ6erh6G	Genome-wide association studies	GWAS study	EDAM.TOPIC:3517	http://edamontology.org/topic_3517	0.648	None	1543	Good		
http://ccb.hms.harvard.edu/t2t/RDN7xqfRSXj	source	Gene resources	EDAM.TOPIC:2816	http://edamontology.org/topic_2816	0.648	None	1254	Wrong	Ignore	
http://ccb.hms.harvard.edu/t2t/R9hDKWzxiX2	genome-wide association studies	GWAS study	EDAM.TOPIC:3517	http://edamontology.org/topic_3517	0.648	None	1043	Good		
http://ccb.hms.harvard.edu/t2t/R63hMX4z83g	Environmental Chemistry	Environmental sciences	EDAM.TOPIC:3855	http://edamontology.org/topic_3855	0.647	None	4477	Good		
http://ccb.hms.harvard.edu/t2t/R7FkdhyMpYR	Environmental Management	Data management	EDAM.TOPIC:3071	http://edamontology.org/topic_3071	0.647	None	3929	EDAM more specific	Environmental sciences	EDAM.TOPIC:3855
http://ccb.hms.harvard.edu/t2t/RJ7TZ4sDypZ	Evolutionary systematics	Evolutionary biology	EDAM.TOPIC:3299	http://edamontology.org/topic_3299	0.647	None	1753	Good		
http://ccb.hms.harvard.edu/t2t/R5QBdCpNiyi	Environmental management	Data management	EDAM.TOPIC:3071	http://edamontology.org/topic_3071	0.647	None	1389	EDAM more specific	Environmental sciences	EDAM.TOPIC:3855
http://ccb.hms.harvard.edu/t2t/RCsF4d7vg6J	Geophysics	Physics	EDAM.TOPIC:3318	http://edamontology.org/topic_3318	0.647	None	1315	EDAM broader	Ignore	
http://ccb.hms.harvard.edu/t2t/R8yRARcGM9b	healthcare providers	Regulatory affairs	EDAM.TOPIC:3394	http://edamontology.org/topic_3394	0.647	None	1234	OK	Quality affairs	EDAM.TOPIC:3393
http://ccb.hms.harvard.edu/t2t/R6mq4u7mUsR	study population	Population genetics	EDAM.TOPIC:3056	http://edamontology.org/topic_3056	0.646	None	1137	EDAM more specific	Ignore	
http://ccb.hms.harvard.edu/t2t/RHwpGonz966	Agricultural Biotechnology not elsewhere classified	Agricultural science	EDAM.TOPIC:3810	http://edamontology.org/topic_3810	0.645	None	7444	Good		
http://ccb.hms.harvard.edu/t2t/R5ZUu9Twq3w	Agricultural biotechnology	Agricultural science	EDAM.TOPIC:3810	http://edamontology.org/topic_3810	0.645	None	1215	Good		
http://ccb.hms.harvard.edu/t2t/R9sZyv2eKBR	epidemiology	Public health and epidemiology	EDAM.TOPIC:3305	http://edamontology.org/topic_3305	0.644	None	17223	Good		
http://ccb.hms.harvard.edu/t2t/RHgP6zHP4Hn	Animal Physiology - Cell	Zoology	EDAM.TOPIC:3500	http://edamontology.org/topic_3500	0.644	None	13782	EDAM broader	Physiology	EDAM.TOPIC:3300
http://ccb.hms.harvard.edu/t2t/R5wYpL4uFP4	Epidemiology	Public health and epidemiology	EDAM.TOPIC:3305	http://edamontology.org/topic_3305	0.644	None	12554	Good		
http://ccb.hms.harvard.edu/t2t/RKpUD7vZKKs	Epidemiology not elsewhere classified	Public health and epidemiology	EDAM.TOPIC:3305	http://edamontology.org/topic_3305	0.644	None	1597	Good		
http://ccb.hms.harvard.edu/t2t/R9AGKAQYWWM	parasite	Parasitology	EDAM.TOPIC:3302	http://edamontology.org/topic_3302	0.644	None	1434	Good		
http://ccb.hms.harvard.edu/t2t/RKAEkAUKDuB	Animal physiology - cell	Zoology	EDAM.TOPIC:3500	http://edamontology.org/topic_3500	0.644	None	1322	EDAM broader	Physiology	EDAM.TOPIC:3300
http://ccb.hms.harvard.edu/t2t/RBET4KQboVR	Developmental and Educational Psychology	Developmental biology	EDAM.TOPIC:3064	http://edamontology.org/topic_3064	0.643	None	11604	Wrong	Ignore	
http://ccb.hms.harvard.edu/t2t/R8qSZN8N9Tu	Nuclear Medicine	Medicine	EDAM.TOPIC:3303	http://edamontology.org/topic_3303	0.643	None	7981	Good		
http://ccb.hms.harvard.edu/t2t/R5XbtrwvLKx	Biomechanical Engineering	Bioengineering	EDAM.TOPIC:3398	http://edamontology.org/topic_3398	0.643	None	5250	Good		
http://ccb.hms.harvard.edu/t2t/RCNeZPudLzo	disease severity	Pathology	EDAM.TOPIC:0634	http://edamontology.org/topic_0634	0.643	None	1436	Good		
http://ccb.hms.harvard.edu/t2t/R8vCvch5dGa	signaling	Signaling pathways	EDAM.TOPIC:0754	http://edamontology.org/topic_0754	0.643	None	1420	EDAM more specific	Ignore	
http://ccb.hms.harvard.edu/t2t/RBKvJkAuu5v	Marine and Estuarine Ecology (incl. Marine Ichthyology)	Marine biology	EDAM.TOPIC:3387	http://edamontology.org/topic_3387	0.641	None	5607	Good		
http://ccb.hms.harvard.edu/t2t/R4iKoQ7cQpw	Marine and estuarine ecology (incl. marine ichthyology)	Marine biology	EDAM.TOPIC:3387	http://edamontology.org/topic_3387	0.641	None	2055	Good		
http://ccb.hms.harvard.edu/t2t/R3o5vsMhYNv	Inorganic Chemistry	Chemistry	EDAM.TOPIC:3314	http://edamontology.org/topic_3314	0.639	None	75523	Good		
http://ccb.hms.harvard.edu/t2t/RDXAxzSt4LY	Veterinary science	Veterinary medicine	EDAM.TOPIC:3397	http://edamontology.org/topic_3397	0.638	None	1657	Good		
http://ccb.hms.harvard.edu/t2t/REKhMjtitk6	lipid metabolism	Drug metabolism	EDAM.TOPIC:3375	http://edamontology.org/topic_3375	0.638	None	1538	Wrong	Endocrinology and metabolism	EDAM.TOPIC:3407
http://ccb.hms.harvard.edu/t2t/R4ouEiLcDDx	Lipid metabolism	Drug metabolism	EDAM.TOPIC:3375	http://edamontology.org/topic_3375	0.638	None	1062	Wrong	Endocrinology and metabolism	EDAM.TOPIC:3407
http://ccb.hms.harvard.edu/t2t/R6ZDxa4XLzn	aging	Imaging	EDAM.TOPIC:3382	http://edamontology.org/topic_3382	0.637	None	3189	Wrong	Geriatric medicine	EDAM.TOPIC:3399
http://ccb.hms.harvard.edu/t2t/RALeaCpnHpD	Aging	Imaging	EDAM.TOPIC:3382	http://edamontology.org/topic_3382	0.637	None	1071	Wrong	Geriatric medicine	EDAM.TOPIC:3399
http://ccb.hms.harvard.edu/t2t/REL4DKniRcw	Organismal evolution	Evolutionary biology	EDAM.TOPIC:3299	http://edamontology.org/topic_3299	0.636	None	1290	Good		
http://ccb.hms.harvard.edu/t2t/R9wwqFfKUzb	Genetic mutation	DNA mutation	EDAM.TOPIC:2533	http://edamontology.org/topic_2533	0.636	None	1120	Good		
http://ccb.hms.harvard.edu/t2t/R836KyrTPXn	Genome Structure and Regulation	Gene regulation	EDAM.TOPIC:0204	http://edamontology.org/topic_0204	0.635	None	23650	Good		
http://ccb.hms.harvard.edu/t2t/REUqWVCwM3A	meta-analysis	Sequence analysis	EDAM.TOPIC:0080	http://edamontology.org/topic_0080	0.635	None	8557	EDAM more specific	Ignore	
http://ccb.hms.harvard.edu/t2t/RGxwxgGN4Na	Meta-analysis	Sequence analysis	EDAM.TOPIC:0080	http://edamontology.org/topic_0080	0.635	None	1123	EDAM more specific	Ignore	
http://ccb.hms.harvard.edu/t2t/R7NJPJ672ec	previous studies	Experimental design and studies	EDAM.TOPIC:3678	http://edamontology.org/topic_3678	0.634	None	2328	EDAM more specific	Ignore	
http://ccb.hms.harvard.edu/t2t/R4WLk6yF73B	Animal models	Zoology	EDAM.TOPIC:3500	http://edamontology.org/topic_3500	0.633	None	6174	Wrong	Model organisms	EDAM.TOPIC:0621
http://ccb.hms.harvard.edu/t2t/RE45zQmHxH2	Paediatrics and Reproductive Medicine not elsewhere classified	Paediatrics	EDAM.TOPIC:3418	http://edamontology.org/topic_3418	0.632	None	3466	Good		
http://ccb.hms.harvard.edu/t2t/R5MsYcz9Hwk	Animal Physiological Ecology	Zoology	EDAM.TOPIC:3500	http://edamontology.org/topic_3500	0.631	None	6480	Good		
http://ccb.hms.harvard.edu/t2t/RD3zx5eMrhG	Therapeutic Research and Development	Medicines research and development	EDAM.TOPIC:3376	http://edamontology.org/topic_3376	0.631	None	3483	Good		
http://ccb.hms.harvard.edu/t2t/RGivPeg3fM4	Computer Engineering	Genetic engineering	EDAM.TOPIC:3912	http://edamontology.org/topic_3912	0.631	None	1405	EDAM more specific	Computer science	EDAM.TOPIC:3316
http://ccb.hms.harvard.edu/t2t/RKtaSTtfc97	disease progression	Pathology	EDAM.TOPIC:0634	http://edamontology.org/topic_0634	0.631	None	1402	Good		
http://ccb.hms.harvard.edu/t2t/R9ggjJw84CR	Veterinary Anaesthesiology and Intensive Care	Anaesthesiology	EDAM.TOPIC:3402	http://edamontology.org/topic_3402	0.63	None	5959	Good		
http://ccb.hms.harvard.edu/t2t/RBaB55i8isM	Cardiovascular disease epidemiology	Cardiology	EDAM.TOPIC:3335	http://edamontology.org/topic_3335	0.63	None	1458	Good		
http://ccb.hms.harvard.edu/t2t/RFAnfAP7E6f	Preventive Medicine	Medicine	EDAM.TOPIC:3303	http://edamontology.org/topic_3303	0.628	None	8762	Good		
http://ccb.hms.harvard.edu/t2t/R5KtPXupFDh	Business and Management not elsewhere classified	Data management	EDAM.TOPIC:3071	http://edamontology.org/topic_3071	0.628	None	2738	EDAM more specific	Ignore	
http://ccb.hms.harvard.edu/t2t/R3ssEDWCNMe	psychometric properties	Protein properties	EDAM.TOPIC:0123	http://edamontology.org/topic_0123	0.628	None	1956	EDAM more specific	Ignore	
http://ccb.hms.harvard.edu/t2t/R54JnuJDaud	preventive medicine	Medicine	EDAM.TOPIC:3303	http://edamontology.org/topic_3303	0.628	None	1831	Good		
http://ccb.hms.harvard.edu/t2t/RD8P7xB2WQ4	Biomarker epidemiology	Biomarkers	EDAM.TOPIC:3360	http://edamontology.org/topic_3360	0.628	None	1581	Good		
http://ccb.hms.harvard.edu/t2t/RASffgutJ5x	Population Dynamics	Population genomics	EDAM.TOPIC:3796	http://edamontology.org/topic_3796	0.627	None	1061	EDAM more specific	Ecology	EDAM.TOPIC:0610
http://ccb.hms.harvard.edu/t2t/RG25AzbLQE2	Veterinary Pathology	Pathology	EDAM.TOPIC:0634	http://edamontology.org/topic_0634	0.626	None	6610	EDAM more specific	Veterinary medicine|Pathology	EDAM.TOPIC:3397|EDAM.TOPIC:0634
http://ccb.hms.harvard.edu/t2t/REULexEpWnT	Veterinary Sciences not elsewhere classified	Veterinary medicine	EDAM.TOPIC:3397	http://edamontology.org/topic_3397	0.626	None	5990	Good		
http://ccb.hms.harvard.edu/t2t/RHYaggZksvZ	pediatrics	Paediatrics	EDAM.TOPIC:3418	http://edamontology.org/topic_3418	0.626	None	3709	Good		
http://ccb.hms.harvard.edu/t2t/RwQ4wqvsWPo	Mechanical Engineering	Bioengineering	EDAM.TOPIC:3398	http://edamontology.org/topic_3398	0.625	None	1898	EDAM more specific	Ignore	
http://ccb.hms.harvard.edu/t2t/R5V4MVKVwiS	sites	Restriction sites	EDAM.TOPIC:1305	http://edamontology.org/topic_1305	0.625	None	1653	EDAM more specific	Ignore	
http://ccb.hms.harvard.edu/t2t/RKENiFYvoiF	Veterinary Microbiology (excl. Virology)	Microbiology	EDAM.TOPIC:3301	http://edamontology.org/topic_3301	0.624	None	6093	Good		
http://ccb.hms.harvard.edu/t2t/RKaFj9wt8aE	Veterinary Virology	Veterinary medicine	EDAM.TOPIC:3397	http://edamontology.org/topic_3397	0.623	None	5982	One to many mapping	Veterinary medicine|Microbiology	EDAM.TOPIC:3397|EDAM.TOPIC:3301
http://ccb.hms.harvard.edu/t2t/R3Kn46LDJRx	Regenerative Medicine (incl. Stem Cells and Tissue Engineering)	Regenerative medicine	EDAM.TOPIC:3395	http://edamontology.org/topic_3395	0.623	None	5030	Good		
http://ccb.hms.harvard.edu/t2t/REM9eQedc42	Environmental Technologies	Chromosome conformation capture	EDAM.TOPIC:3940	http://edamontology.org/topic_3940	0.623	None	2754	EDAM more specific	Environmental sciences	EDAM.TOPIC:3855
http://ccb.hms.harvard.edu/t2t/R5YjLiqiXy2	feature selection	Sequence feature detection	EDAM.TOPIC:3072	http://edamontology.org/topic_3072	0.622	None	1001	EDAM more specific	Ignore	
http://ccb.hms.harvard.edu/t2t/RB3mrixqKiD	Genome Biology	Biology	EDAM.TOPIC:3070	http://edamontology.org/topic_3070	0.621	None	1204	Good		
http://ccb.hms.harvard.edu/t2t/R5o2AcatN88	methods	Chromosome conformation capture	EDAM.TOPIC:3940	http://edamontology.org/topic_3940	0.62	None	1205	EDAM more specific	Ignore	
http://ccb.hms.harvard.edu/t2t/R4n3PyEoVVX	Structural Biology (incl. Macromolecular Modelling)	Molecular modelling	EDAM.TOPIC:2275	http://edamontology.org/topic_2275	0.619	None	5379	Good		
http://ccb.hms.harvard.edu/t2t/RBJUav2wajq	Viral diseases	Pathology	EDAM.TOPIC:0634	http://edamontology.org/topic_0634	0.619	None	4968	EDAM broader	Virology	EDAM.TOPIC:0781
http://ccb.hms.harvard.edu/t2t/R7NrcSFkaap	vaccination	Vaccinology	EDAM.TOPIC:3966	http://edamontology.org/topic_3966	0.619	None	2130	Good		
http://ccb.hms.harvard.edu/t2t/R7DUZRPEJJe	Phylogeny and comparative analysis	Phylogeny	EDAM.TOPIC:0084	http://edamontology.org/topic_0084	0.619	None	1248	Good		
http://ccb.hms.harvard.edu/t2t/Rfp3caLFPGx	Water Resources Engineering	Gene resources	EDAM.TOPIC:2816	http://edamontology.org/topic_2816	0.619	None	1182	EDAM more specific	Ignore	
http://ccb.hms.harvard.edu/t2t/RKaEP4A2R8Z	genetic diversity	Biodiversity	EDAM.TOPIC:3050	http://edamontology.org/topic_3050	0.618	None	2876	Good		
http://ccb.hms.harvard.edu/t2t/RHuCvbLfma2	next-generation sequencing	Sequencing	EDAM.TOPIC:3168	http://edamontology.org/topic_3168	0.618	None	1283	Good		
http://ccb.hms.harvard.edu/t2t/RKwLooByrKK	Comparative Physiology	Comparative genomics	EDAM.TOPIC:0797	http://edamontology.org/topic_0797	0.617	None	7777	EDAM more specific	Phylogeny	EDAM.TOPIC:0084
http://ccb.hms.harvard.edu/t2t/RDzvb3DwZZa	Diagnostic medicine	Biomarkers	EDAM.TOPIC:3360	http://edamontology.org/topic_3360	0.617	None	7699	EDAM more specific	Medicine	EDAM.TOPIC:3303
http://ccb.hms.harvard.edu/t2t/RAJWzNmrx7W	microbiota	Microbiology	EDAM.TOPIC:3301	http://edamontology.org/topic_3301	0.617	None	2351	EDAM broader	Microbial ecology	EDAM.TOPIC:3697
http://ccb.hms.harvard.edu/t2t/RAsNZ4vgayg	immune	Immunogenetics	EDAM.TOPIC:3930	http://edamontology.org/topic_3930	0.617	None	1066	EDAM more specific	Immunology	EDAM.TOPIC:0804
http://ccb.hms.harvard.edu/t2t/R8rYnePGv9a	Haematological Tumours	Haematology	EDAM.TOPIC:3408	http://edamontology.org/topic_3408	0.616	None	19660	One to many mapping	Haematology|Oncology	EDAM.TOPIC:3408|EDAM.TOPIC:2640
http://ccb.hms.harvard.edu/t2t/R5EJ7YceJEg	combination	DNA replication and recombination	EDAM.TOPIC:3127	http://edamontology.org/topic_3127	0.616	None	2105	EDAM more specific	Ignore	
http://ccb.hms.harvard.edu/t2t/RJWsvBZeL3y	Experimental psychology	Experimental design and studies	EDAM.TOPIC:3678	http://edamontology.org/topic_3678	0.616	None	1310	EDAM more specific	Ignore	
http://ccb.hms.harvard.edu/t2t/R8dJsbKtd9v	PCR	PCR experiment	EDAM.TOPIC:3519	http://edamontology.org/topic_3519	0.615	None	8520	Good		
http://ccb.hms.harvard.edu/t2t/RAee8Nb5z9J	pcr	PCR experiment	EDAM.TOPIC:3519	http://edamontology.org/topic_3519	0.615	None	4527	Good		
http://ccb.hms.harvard.edu/t2t/RKUyv7XH7nW	Microbial Genetics	Microbial ecology	EDAM.TOPIC:3697	http://edamontology.org/topic_3697	0.614	None	36502	Good		
http://ccb.hms.harvard.edu/t2t/R5GYM4Fd3iN	Neurological system	Biological system modelling	EDAM.TOPIC:3075	http://edamontology.org/topic_3075	0.614	None	1208	EDAM more specific	Neurology	EDAM.TOPIC:3334
http://ccb.hms.harvard.edu/t2t/R7No6aGQFEs	Microbial genetics	Microbial ecology	EDAM.TOPIC:3697	http://edamontology.org/topic_3697	0.614	None	1134	Good		
http://ccb.hms.harvard.edu/t2t/R4u77AcbE3d	regions	Protein membrane regions	EDAM.TOPIC:1456	http://edamontology.org/topic_1456	0.613	None	1666	EDAM more specific	Ignore	
http://ccb.hms.harvard.edu/t2t/RFtKjQZDcR8	Hematology	Haematology	EDAM.TOPIC:3408	http://edamontology.org/topic_3408	0.612	None	57422	Good		
http://ccb.hms.harvard.edu/t2t/R4uyNPQB4nv	Gene and Molecular Therapy	Molecular genetics	EDAM.TOPIC:3321	http://edamontology.org/topic_3321	0.612	None	23549	EDAM broader	Molecular medicine	EDAM.TOPIC:3388
http://ccb.hms.harvard.edu/t2t/R4r488Kh3aL	neuroimaging	Bioimaging	EDAM.TOPIC:3383	http://edamontology.org/topic_3383	0.612	None	2685	Good		
http://ccb.hms.harvard.edu/t2t/RDB3xU4iTNR	hematology	Haematology	EDAM.TOPIC:3408	http://edamontology.org/topic_3408	0.612	None	2186	Good		
http://ccb.hms.harvard.edu/t2t/RA5aFysWtNA	Cancer epidemiology	Oncology	EDAM.TOPIC:2640	http://edamontology.org/topic_2640	0.612	None	1455	One to many mapping	Public health and epidemiology|Oncology	EDAM.TOPIC:3305|EDAM.TOPIC:2640
http://ccb.hms.harvard.edu/t2t/R7YdeAJX7ov	Reproduction	Reproductive health	EDAM.TOPIC:3420	http://edamontology.org/topic_3420	0.61	None	15990	Good		
http://ccb.hms.harvard.edu/t2t/RFM7HG55jcZ	Statistics	Statistics and probability	EDAM.TOPIC:2269	http://edamontology.org/topic_2269	0.61	None	3694	Good		
http://ccb.hms.harvard.edu/t2t/RHYPkQJN8K2	statistics	Statistics and probability	EDAM.TOPIC:2269	http://edamontology.org/topic_2269	0.61	None	2823	Good		
http://ccb.hms.harvard.edu/t2t/RBUzqbRiZug	reproduction	Reproductive health	EDAM.TOPIC:3420	http://edamontology.org/topic_3420	0.61	None	1078	Good		
http://ccb.hms.harvard.edu/t2t/RDz7MhY24CY	Liver diseases	Pathology	EDAM.TOPIC:0634	http://edamontology.org/topic_0634	0.609	None	1472	EDAM more specific	Hepatic and biliary medicine	EDAM.TOPIC:3412
http://ccb.hms.harvard.edu/t2t/R9rGAw3Wh7D	Nuclear Engineering	Genetic engineering	EDAM.TOPIC:3912	http://edamontology.org/topic_3912	0.609	None	1249	EDAM more specific	Ignore	
http://ccb.hms.harvard.edu/t2t/R6MYbDNY8u9	social networks	Protein interaction networks	EDAM.TOPIC:3044	http://edamontology.org/topic_3044	0.609	None	1068	EDAM more specific	Ignore	
http://ccb.hms.harvard.edu/t2t/RFVn2wz2RCA	Diagnostic radiology	Biomarkers	EDAM.TOPIC:3360	http://edamontology.org/topic_3360	0.607	None	2355	Wrong	Medical imaging	EDAM.TOPIC:3384
http://ccb.hms.harvard.edu/t2t/RJrZD7JLxeg	Astrophysics	Physics	EDAM.TOPIC:3318	http://edamontology.org/topic_3318	0.607	None	1692	EDAM Broader	Ignore	
http://ccb.hms.harvard.edu/t2t/RErQA6HvBiw	Public Health and Health Services not elsewhere classified	Public health and epidemiology	EDAM.TOPIC:3305	http://edamontology.org/topic_3305	0.606	None	12279	Good		
http://ccb.hms.harvard.edu/t2t/RFWhiXJH7bo	healthcare professionals	Regulatory affairs	EDAM.TOPIC:3394	http://edamontology.org/topic_3394	0.606	None	1119	OK	Quality affairs	EDAM.TOPIC:3393
http://ccb.hms.harvard.edu/t2t/RFUAK7ipGyK	Medical Biotechnology Diagnostics (incl. Biosensors)	Medical biotechnology	EDAM.TOPIC:3576	http://edamontology.org/topic_3576	0.604	None	5019	Good		
http://ccb.hms.harvard.edu/t2t/RK28jCySQ8i	comparative analysis	Comparative genomics	EDAM.TOPIC:0797	http://edamontology.org/topic_0797	0.604	None	1520	EDAM more specific	ignore	
http://ccb.hms.harvard.edu/t2t/RGj3DoNKHyt	Veterinary diseases	Veterinary medicine	EDAM.TOPIC:3397	http://edamontology.org/topic_3397	0.602	None	1989	Good		
http://ccb.hms.harvard.edu/t2t/RC9dK3rHzXT	Computational Methods	Computational biology	EDAM.TOPIC:3307	http://edamontology.org/topic_3307	0.602	None	1941	EDAM more specific	Computer science	EDAM.TOPIC:3316
http://ccb.hms.harvard.edu/t2t/RhhuuuQbsTc	Chemical Sciences not elsewhere classified	Biomedical science	EDAM.TOPIC:3344	http://edamontology.org/topic_3344	0.601	None	306209	Wrong	Chemistry	EDAM.TOPIC:3314
http://ccb.hms.harvard.edu/t2t/RFB68Ub4fhm	Crop and Pasture Nutrition	Nutritional science	EDAM.TOPIC:3390	http://edamontology.org/topic_3390	0.6	None	6018	Wrong	Agricultural science	EDAM.TOPIC:3810
http://ccb.hms.harvard.edu/t2t/RD4cnfExhuU	crystal structure	Gene structure	EDAM.TOPIC:0114	http://edamontology.org/topic_0114	0.6	None	2854	Wrong	X-ray diffraction	EDAM.TOPIC:2828
http://ccb.hms.harvard.edu/t2t/RoVmZJg7vUV	Plasma Physics	Physics	EDAM.TOPIC:3318	http://edamontology.org/topic_3318	0.6	None	2825	EDAM Broader	ignore	
http://ccb.hms.harvard.edu/t2t/R57EBFNe8ut	Physical Sciences not elsewhere classified	Biomedical science	EDAM.TOPIC:3344	http://edamontology.org/topic_3344	0.599	None	85565	EDAM more specific	ignore	
http://ccb.hms.harvard.edu/t2t/REYXsYDpQtK	Geography	Tomography	EDAM.TOPIC:3452	http://edamontology.org/topic_3452	0.598	None	1452	EDAM more specific	ignore	
http://ccb.hms.harvard.edu/t2t/R42kXQWNiGb	Metabolic disorders	Metabolic disease	EDAM.TOPIC:3323	http://edamontology.org/topic_3323	0.598	None	1438	Deprecated	Endocrinology and metabolism	EDAM.TOPIC:3407
http://ccb.hms.harvard.edu/t2t/R5CTjrRhyKi	geography	Tomography	EDAM.TOPIC:3452	http://edamontology.org/topic_3452	0.598	None	1378	EDAM more specific	ignore	
http://ccb.hms.harvard.edu/t2t/RFrc5JzejxY	Preclinical Models	Preclinical and clinical studies	EDAM.TOPIC:3379	http://edamontology.org/topic_3379	0.598	None	1006	Good		
http://ccb.hms.harvard.edu/t2t/RDsy7cPh9sv	population structure	Gene structure	EDAM.TOPIC:0114	http://edamontology.org/topic_0114	0.597	None	2469	EDAM more specific	ignore	
http://ccb.hms.harvard.edu/t2t/R55qkDAmsWw	Forestry Management and Environment	Data management	EDAM.TOPIC:3071	http://edamontology.org/topic_3071	0.597	None	1416	EDAM more specific	Environmental sciences	EDAM.TOPIC:3855
http://ccb.hms.harvard.edu/t2t/RGNWEPLW9h6	variance	Protein variants	EDAM.TOPIC:3120	http://edamontology.org/topic_3120	0.597	None	1289	EDAM more specific	ignore	
http://ccb.hms.harvard.edu/t2t/RAdSzaKjMyg	Knowledge Representation and Machine Learning	Machine learning	EDAM.TOPIC:3474	http://edamontology.org/topic_3474	0.596	None	1360	Good		
http://ccb.hms.harvard.edu/t2t/R6bYihAyS5z	Clinical and Sports Nutrition	Nutritional science	EDAM.TOPIC:3390	http://edamontology.org/topic_3390	0.595	None	6380	Good		
http://ccb.hms.harvard.edu/t2t/RGVafoKBC8Z	mice	Mice or rats	EDAM.TOPIC:0213	http://edamontology.org/topic_0213	0.595	None	3362	Deprecated	ignore	
http://ccb.hms.harvard.edu/t2t/R6cTT5nzMJG	kidney disease	Pathology	EDAM.TOPIC:0634	http://edamontology.org/topic_0634	0.594	None	1260	Wrong	Urology and nephrology	EDAM.TOPIC:3422
http://ccb.hms.harvard.edu/t2t/RAh57NWXBHc	community structure	Gene structure	EDAM.TOPIC:0114	http://edamontology.org/topic_0114	0.593	None	1893	Wrong	ignore	
http://ccb.hms.harvard.edu/t2t/RA6iiYus5Mc	Forestry Fire Management	Data management	EDAM.TOPIC:3071	http://edamontology.org/topic_3071	0.593	None	1192	Wrong	Environmental sciences	EDAM.TOPIC:3855
http://ccb.hms.harvard.edu/t2t/R4kz3Dm3Lc5	Drug Targets	Drugs and target structures	EDAM.TOPIC:0620	http://edamontology.org/topic_0620	0.593	None	1063	Deprecated	Small molecules	EDAM.TOPIC:0154
http://ccb.hms.harvard.edu/t2t/RoqAbqKA7pr	Neurogenetics	Genetics	EDAM.TOPIC:3053	http://edamontology.org/topic_3053	0.591	None	12425	Good		
http://ccb.hms.harvard.edu/t2t/R7C9TWsKEDe	Physical Organic Chemistry	Chemistry	EDAM.TOPIC:3314	http://edamontology.org/topic_3314	0.591	None	4116	Good		
http://ccb.hms.harvard.edu/t2t/RKn8Q2cQCcn	Neurosciences not elsewhere classified	Biosciences	EDAM.TOPIC:4019	http://edamontology.org/topic_4019	0.59	None	6492	Good		
http://ccb.hms.harvard.edu/t2t/RZNQNrMQCNe	Environmental Monitoring	Environmental sciences	EDAM.TOPIC:3855	http://edamontology.org/topic_3855	0.59	None	2952	Good		
http://ccb.hms.harvard.edu/t2t/R5g2FG6eBfb	Veterinary Anatomy and Physiology	Anatomy	EDAM.TOPIC:3067	http://edamontology.org/topic_3067	0.589	None	6018	Good		
http://ccb.hms.harvard.edu/t2t/R8Ebs73TJeH	neuropsychology	Neurology	EDAM.TOPIC:3334	http://edamontology.org/topic_3334	0.589	None	1204	Good		
http://ccb.hms.harvard.edu/t2t/RHLT4fex6j8	Pattern Recognition and Data Mining	Data mining	EDAM.TOPIC:3473	http://edamontology.org/topic_3473	0.588	None	1061	Good		
http://ccb.hms.harvard.edu/t2t/RKGZg6bSrGW	association	GWAS study	EDAM.TOPIC:3517	http://edamontology.org/topic_3517	0.587	None	9400	EDAM more specific	Ignore	
http://ccb.hms.harvard.edu/t2t/REYQobna7Z3	Agricultural Marine Biotechnology	Agricultural science	EDAM.TOPIC:3810	http://edamontology.org/topic_3810	0.585	None	4832	One to many mapping	Agricultural science|Marine biology	EDAM.TOPIC:3810|EDAM.TOPIC:3387
http://ccb.hms.harvard.edu/t2t/R6X2rx5Xm5x	metastasis	Epistasis	EDAM.TOPIC:3974	http://edamontology.org/topic_3974	0.585	None	1818	Wrong	Oncology	EDAM.TOPIC:2640
http://ccb.hms.harvard.edu/t2t/RAUwkEqh2HS	Construction Engineering	Genetic engineering	EDAM.TOPIC:3912	http://edamontology.org/topic_3912	0.585	None	1702	EDAM more specific	Ignore	
http://ccb.hms.harvard.edu/t2t/RAsu47qrxzy	culture	Cell culture collection	EDAM.TOPIC:3340	http://edamontology.org/topic_3340	0.584	None	1371	EDAM more specific	Ignore	
http://ccb.hms.harvard.edu/t2t/R37RUrghiWz	Public Nutrition Intervention	Nutritional science	EDAM.TOPIC:3390	http://edamontology.org/topic_3390	0.582	None	6480	Good		
http://ccb.hms.harvard.edu/t2t/RDV73subtQD	Economics	Genomics	EDAM.TOPIC:0622	http://edamontology.org/topic_0622	0.581	None	3955	Wrong	Ignore	
http://ccb.hms.harvard.edu/t2t/R7PUdTz64WW	Clinical Sciences not elsewhere classified	Biomedical science	EDAM.TOPIC:3344	http://edamontology.org/topic_3344	0.581	None	3685	Good		
http://ccb.hms.harvard.edu/t2t/RC6V4Cxzw7g	Other economics not elsewhere classified	Genomics	EDAM.TOPIC:0622	http://edamontology.org/topic_0622	0.581	None	1318	Wrong	Ignore	
http://ccb.hms.harvard.edu/t2t/R3S3CPQecND	data.gov	Data governance	EDAM.TOPIC:3571	http://edamontology.org/topic_3571	0.581	None	1115	Wrong	Ignore	
http://ccb.hms.harvard.edu/t2t/RBHfunuLJgE	Transplantation Immunology	Immunology	EDAM.TOPIC:0804	http://edamontology.org/topic_0804	0.58	None	28913	Good		
http://ccb.hms.harvard.edu/t2t/RGRBo78pLGu	Stem Cells	Regenerative medicine	EDAM.TOPIC:3395	http://edamontology.org/topic_3395	0.579	None	5678	Good		
http://ccb.hms.harvard.edu/t2t/R5tkVv5uwf4	snps	SNP	EDAM.TOPIC:2277	http://edamontology.org/topic_2277	0.579	None	1834	Deprecated	DNA polymorphism	EDAM.TOPIC:2885
http://ccb.hms.harvard.edu/t2t/RBsz7aV8dNv	stem cells	Regenerative medicine	EDAM.TOPIC:3395	http://edamontology.org/topic_3395	0.579	None	1359	Good		
http://ccb.hms.harvard.edu/t2t/R53YaNRVHHQ	Population modeling	Population genetics	EDAM.TOPIC:3056	http://edamontology.org/topic_3056	0.579	None	1181	Good		
http://ccb.hms.harvard.edu/t2t/RHqL43bqr5w	Endocrine physiology	Physiology	EDAM.TOPIC:3300	http://edamontology.org/topic_3300	0.578	None	1458	Good		
http://ccb.hms.harvard.edu/t2t/RB6Hni2rnE5	Computer Software	Software engineering	EDAM.TOPIC:3372	http://edamontology.org/topic_3372	0.578	None	1180	Good		
http://ccb.hms.harvard.edu/t2t/R8q38VHZrbi	resistance	Antimicrobial Resistance	EDAM.TOPIC:4013	http://edamontology.org/topic_4013	0.577	None	2609	EDAM more specific	Ignore	
http://ccb.hms.harvard.edu/t2t/RdtXW7N5LZ2	Cell Neurochemistry	Chemistry	EDAM.TOPIC:3314	http://edamontology.org/topic_3314	0.576	None	14041	EDAM Broader	Biochemistry	EDAM.TOPIC:3292
http://ccb.hms.harvard.edu/t2t/RvKxsBWoenn	Clinical Pharmacology and Therapeutics	Pharmacology	EDAM.TOPIC:0202	http://edamontology.org/topic_0202	0.575	None	15711	Good		
http://ccb.hms.harvard.edu/t2t/RKrrnxAcUjc	Community Ecology (excl. Invasive Species Ecology)	Ecology	EDAM.TOPIC:0610	http://edamontology.org/topic_0610	0.574	None	6708	Good		
http://ccb.hms.harvard.edu/t2t/R8aq4f3ckkc	Medical Molecular Engineering of Nucleic Acids and Proteins	Nucleic acids	EDAM.TOPIC:0077	http://edamontology.org/topic_0077	0.574	None	4835	EDAM Broader	Molecular medicine	EDAM.TOPIC:3388
http://ccb.hms.harvard.edu/t2t/R6hDzvyAPjw	Community ecology (excl. invasive species ecology)	Ecology	EDAM.TOPIC:0610	http://edamontology.org/topic_0610	0.574	None	2411	Good		
http://ccb.hms.harvard.edu/t2t/RJCmc8BC8S4	infection	Infectious disease	EDAM.TOPIC:3324	http://edamontology.org/topic_3324	0.573	None	5476	Good		
http://ccb.hms.harvard.edu/t2t/R6geBdVPdbf	plant growth	Plant biology	EDAM.TOPIC:0780	http://edamontology.org/topic_0780	0.573	None	1021	Good		
http://ccb.hms.harvard.edu/t2t/RApD2aYWaid	pharmacokinetics	Pharmacogenomics	EDAM.TOPIC:0208	http://edamontology.org/topic_0208	0.573	None	1009	EDAM Broader	Drug metabolism	EDAM.TOPIC:3375
http://ccb.hms.harvard.edu/t2t/RJZgnG2KSVb	personality	Personalised medicine	EDAM.TOPIC:3577	http://edamontology.org/topic_3577	0.572	None	1104	Wrong	Ignore	
http://ccb.hms.harvard.edu/t2t/RC3EtWToU7W	Cross-sectional studies	Experimental design and studies	EDAM.TOPIC:3678	http://edamontology.org/topic_3678	0.569	None	1223	EDAM Broader	Preclinical and clinical studies	EDAM.TOPIC:3379
http://ccb.hms.harvard.edu/t2t/RDpfteRFzvH	Mental Health	Biomedical science	EDAM.TOPIC:3344	http://edamontology.org/topic_3344	0.568	None	137238	Wrong	Psychiatry	EDAM.TOPIC:3419
http://ccb.hms.harvard.edu/t2t/Rth8c4PcHwJ	immunotherapy	Allergy, clinical immunology and immunotherapeutics	EDAM.TOPIC:3400	http://edamontology.org/topic_3400	0.568	None	4677	Good		
http://ccb.hms.harvard.edu/t2t/RCZTaUFXqK9	Mental health	Biomedical science	EDAM.TOPIC:3344	http://edamontology.org/topic_3344	0.568	None	4509	Wrong	Psychiatry	EDAM.TOPIC:3419
http://ccb.hms.harvard.edu/t2t/R75KhBcHtfa	mental health	Biomedical science	EDAM.TOPIC:3344	http://edamontology.org/topic_3344	0.568	None	4320	Wrong	Psychiatry	EDAM.TOPIC:3419
http://ccb.hms.harvard.edu/t2t/R8nDogSYMM7	Immunotherapy	Allergy, clinical immunology and immunotherapeutics	EDAM.TOPIC:3400	http://edamontology.org/topic_3400	0.568	None	1426	Good		
http://ccb.hms.harvard.edu/t2t/RAmQomHyWT2	Parkinson’s disease	Pathology	EDAM.TOPIC:0634	http://edamontology.org/topic_0634	0.567	None	1345	OK		
http://ccb.hms.harvard.edu/t2t/RJBkXLPfzym	Retrospective studies	Experimental design and studies	EDAM.TOPIC:3678	http://edamontology.org/topic_3678	0.566	None	1432	EDAM Broader	Preclinical and clinical studies	EDAM.TOPIC:3379
http://ccb.hms.harvard.edu/t2t/RFKNwKfCbiG	Observational studies	Experimental design and studies	EDAM.TOPIC:3678	http://edamontology.org/topic_3678	0.566	None	1013	EDAM Broader	Preclinical and clinical studies	EDAM.TOPIC:3379
http://ccb.hms.harvard.edu/t2t/RHRJCNyzEPQ	Radiology and Organ Imaging	Imaging	EDAM.TOPIC:3382	http://edamontology.org/topic_3382	0.565	None	14301	EDAM Broader	Medical imaging	EDAM.TOPIC:3384
http://ccb.hms.harvard.edu/t2t/RGEbFQ7RDSL	material	Biomaterials	EDAM.TOPIC:3368	http://edamontology.org/topic_3368	0.565	None	3184	EDAM more specific	ignore	
http://ccb.hms.harvard.edu/t2t/RDS6Td5mM3G	Psychophysiology	Physiology	EDAM.TOPIC:3300	http://edamontology.org/topic_3300	0.565	None	1125	OK		
http://ccb.hms.harvard.edu/t2t/R7n4QVZyGNK	Food Nutritional Balance	Nutritional science	EDAM.TOPIC:3390	http://edamontology.org/topic_3390	0.564	None	7390	Good		
http://ccb.hms.harvard.edu/t2t/RFWtwCBXi7j	Plant growth and development	Drug development	EDAM.TOPIC:3373	http://edamontology.org/topic_3373	0.564	None	1078	Wrong	Plant biology|Developmental biology	EDAM.TOPIC:0780|EDAM.TOPIC:3064
http://ccb.hms.harvard.edu/t2t/R3aG8JiViYt	Exercise Physiology	Physiology	EDAM.TOPIC:3300	http://edamontology.org/topic_3300	0.563	None	11276	Good		
http://ccb.hms.harvard.edu/t2t/R4oLW4Wj8MH	modeling	Molecular modelling	EDAM.TOPIC:2275	http://edamontology.org/topic_2275	0.563	None	1949	EDAM more specific	ignore	
http://ccb.hms.harvard.edu/t2t/REvFLVzxTAw	Genetic association studies	Experimental design and studies	EDAM.TOPIC:3678	http://edamontology.org/topic_3678	0.562	None	1565	EDAM Broader	GWAS study	EDAM.TOPIC:3517
http://ccb.hms.harvard.edu/t2t/RAg8FHF8E3L	screening	Compound libraries and screening	EDAM.TOPIC:3343	http://edamontology.org/topic_3343	0.561	None	1228	EDAM more specific	ignore	
http://ccb.hms.harvard.edu/t2t/R6CmgCCbRPD	Diabetic endocrinology	Endocrinology and metabolism	EDAM.TOPIC:3407	http://edamontology.org/topic_3407	0.56	None	1869	Good		
http://ccb.hms.harvard.edu/t2t/RAYoPwUdQZZ	mutant	DNA mutation	EDAM.TOPIC:2533	http://edamontology.org/topic_2533	0.56	None	1540	Good		
http://ccb.hms.harvard.edu/t2t/R4Qtrw6SQUg	Health economics	Medical informatics	EDAM.TOPIC:3063	http://edamontology.org/topic_3063	0.56	None	1295	EDAM more specific	Ignore	
http://ccb.hms.harvard.edu/t2t/R4fNCa5K3W4	Nutrition Examination Survey	Nutritional science	EDAM.TOPIC:3390	http://edamontology.org/topic_3390	0.56	None	1095	Good		
http://ccb.hms.harvard.edu/t2t/RG4Kz8R92Py	Oncology and Carcinogenesis not elsewhere classified	Oncology	EDAM.TOPIC:2640	http://edamontology.org/topic_2640	0.559	None	20723	Good		
http://ccb.hms.harvard.edu/t2t/RK7hJZtjYpx	Organic Green Chemistry	Chemistry	EDAM.TOPIC:3314	http://edamontology.org/topic_3314	0.559	None	4087	Good		
http://ccb.hms.harvard.edu/t2t/RGkZVq3jxNW	Physical Geography and Environmental Geoscience	Environmental sciences	EDAM.TOPIC:3855	http://edamontology.org/topic_3855	0.559	None	3048	EDAM Broader	Ignore	
http://ccb.hms.harvard.edu/t2t/RiMq8xNpgoe	Oncology and carcinogenesis not elsewhere classified	Oncology	EDAM.TOPIC:2640	http://edamontology.org/topic_2640	0.559	None	1715	Good		
http://ccb.hms.harvard.edu/t2t/RApRSFFwm2b	Applied Psychology	Applied mathematics	EDAM.TOPIC:3569	http://edamontology.org/topic_3569	0.558	None	11817	Wrong	Psychiatry	EDAM.TOPIC:3419
http://ccb.hms.harvard.edu/t2t/RGHZFRExqum	Metals and Alloy Materials	Biomaterials	EDAM.TOPIC:3368	http://edamontology.org/topic_3368	0.557	None	2421	Wrong	Ignore	
http://ccb.hms.harvard.edu/t2t/RKeyKaLe7PU	Animal behavior	Zoology	EDAM.TOPIC:3500	http://edamontology.org/topic_3500	0.557	None	1933	Good		
http://ccb.hms.harvard.edu/t2t/RBtZs3dHsxK	immune microenvironment	Microbial ecology	EDAM.TOPIC:3697	http://edamontology.org/topic_3697	0.557	None	1038	Good		
http://ccb.hms.harvard.edu/t2t/R6vjhKNggUZ	fMRI	MRI	EDAM.TOPIC:3444	http://edamontology.org/topic_3444	0.557	None	1016	Good		
http://ccb.hms.harvard.edu/t2t/RGVVEwNPNu9	fmri	MRI	EDAM.TOPIC:3444	http://edamontology.org/topic_3444	0.557	None	1005	Good		
http://ccb.hms.harvard.edu/t2t/RC8fgpEoRCw	Psychology not elsewhere classified	Psychiatry	EDAM.TOPIC:3419	http://edamontology.org/topic_3419	0.556	None	14419	Good		
http://ccb.hms.harvard.edu/t2t/R7Ssh5wfoqR	psychology	Psychiatry	EDAM.TOPIC:3419	http://edamontology.org/topic_3419	0.556	None	6397	Good		
http://ccb.hms.harvard.edu/t2t/RKrsEoCWdAx	Bacterial diseases	Pathology	EDAM.TOPIC:0634	http://edamontology.org/topic_0634	0.556	None	3776	OK		
http://ccb.hms.harvard.edu/t2t/RHSCMYn2zw8	solution	Evolutionary biology	EDAM.TOPIC:3299	http://edamontology.org/topic_3299	0.556	None	3424	Wrong	Ignore	
http://ccb.hms.harvard.edu/t2t/RAEkunwfdco	stability	Statistics and probability	EDAM.TOPIC:2269	http://edamontology.org/topic_2269	0.556	None	2154	Wrong	Ignore	
http://ccb.hms.harvard.edu/t2t/R9BhLSWWuAK	toxicity	Toxicology	EDAM.TOPIC:2840	http://edamontology.org/topic_2840	0.556	None	1263	Good		
http://ccb.hms.harvard.edu/t2t/R7HAEWZBi3C	Other psychology not elsewhere classified	Psychiatry	EDAM.TOPIC:3419	http://edamontology.org/topic_3419	0.556	None	1180	Good		
http://ccb.hms.harvard.edu/t2t/RC5yZvUmDiE	deep learning	Machine learning	EDAM.TOPIC:3474	http://edamontology.org/topic_3474	0.555	None	3444	Good		
http://ccb.hms.harvard.edu/t2t/RHwjjZ25zV4	ecosystems	Systems biology	EDAM.TOPIC:2259	http://edamontology.org/topic_2259	0.555	None	1519	EDAM more specific	Ecology	EDAM.TOPIC:0610
http://ccb.hms.harvard.edu/t2t/RJ3wuJ9T2uE	cochrane library	Clone library	EDAM.TOPIC:3341	http://edamontology.org/topic_3341	0.554	None	1223	Wrong		
http://ccb.hms.harvard.edu/t2t/R3m45dgoTCS	zebrafish	Fish	EDAM.TOPIC:0210	http://edamontology.org/topic_0210	0.553	None	1966	Deprecated	Model organisms	EDAM.TOPIC:0621
http://ccb.hms.harvard.edu/t2t/RGVxJn2JttF	Computer Vision	Computer science	EDAM.TOPIC:3316	http://edamontology.org/topic_3316	0.553	None	1223	Good		
http://ccb.hms.harvard.edu/t2t/RJFtQeiu2bQ	Neuroscience and Physiological Psychology	Biology	EDAM.TOPIC:3070	http://edamontology.org/topic_3070	0.552	None	12124	EDAM Broader	Neurobiology	EDAM.TOPIC:3304
http://ccb.hms.harvard.edu/t2t/RGEu9oiRntJ	Veterinary Epidemiology	Veterinary medicine	EDAM.TOPIC:3397	http://edamontology.org/topic_3397	0.552	None	6060	Good		
http://ccb.hms.harvard.edu/t2t/RHBgE6AhYTi	Methods and Technology	Biotechnology	EDAM.TOPIC:3297	http://edamontology.org/topic_3297	0.552	None	3646	EDAM more specific	ignore	
http://ccb.hms.harvard.edu/t2t/R48sFVJ5kRR	drug resistance	Medicinal chemistry	EDAM.TOPIC:0209	http://edamontology.org/topic_0209	0.552	None	1761	OK		
http://ccb.hms.harvard.edu/t2t/RFbzypxvx7F	Genetic epidemiology	Public health and epidemiology	EDAM.TOPIC:3305	http://edamontology.org/topic_3305	0.552	None	1511	Good		
http://ccb.hms.harvard.edu/t2t/R4N4bsWfQmY	Drug Resistance	Medicinal chemistry	EDAM.TOPIC:0209	http://edamontology.org/topic_0209	0.552	None	1066	OK		
http://ccb.hms.harvard.edu/t2t/REFvEJUgdRH	Organic Geochemistry	Chemistry	EDAM.TOPIC:3314	http://edamontology.org/topic_3314	0.551	None	3806	EDAM Broader	ignore	
http://ccb.hms.harvard.edu/t2t/R5Zq5iRx4dH	Evolution of developmental systems	Developmental biology	EDAM.TOPIC:3064	http://edamontology.org/topic_3064	0.551	None	1114	Good		
http://ccb.hms.harvard.edu/t2t/R9csjDx3G9a	Ecological environments	Environmental sciences	EDAM.TOPIC:3855	http://edamontology.org/topic_3855	0.549	None	1451	Good		
http://ccb.hms.harvard.edu/t2t/R3dhQ6TPMxm	Physical Chemistry of Materials	Chemistry	EDAM.TOPIC:3314	http://edamontology.org/topic_3314	0.549	None	1065	EDAM broader	ignore	
http://ccb.hms.harvard.edu/t2t/R6Ju9KNSH8y	Information Systems not elsewhere classified	Systems biology	EDAM.TOPIC:2259	http://edamontology.org/topic_2259	0.547	None	91313	Wrong	Informatics	EDAM.TOPIC:0605
http://ccb.hms.harvard.edu/t2t/RKCetUK3ikJ	Dietetics and Nutrigenomics	Genomics	EDAM.TOPIC:0622	http://edamontology.org/topic_0622	0.547	None	5903	OK		
http://ccb.hms.harvard.edu/t2t/RCY7awcKVQo	depression	Gene expression	EDAM.TOPIC:0203	http://edamontology.org/topic_0203	0.547	None	4755	Wrong	Psychiatry	EDAM.TOPIC:3419
http://ccb.hms.harvard.edu/t2t/R68TkcbreYv	Community Ecology	Ecology	EDAM.TOPIC:0610	http://edamontology.org/topic_0610	0.547	None	2734	Good		
http://ccb.hms.harvard.edu/t2t/RGfSbyxKHqY	Tumor Biology	Biology	EDAM.TOPIC:3070	http://edamontology.org/topic_3070	0.547	None	2394	Good		
http://ccb.hms.harvard.edu/t2t/RFo8fXiV2Eh	Bioinformatic methods development	Bioinformatics	EDAM.TOPIC:0091	http://edamontology.org/topic_0091	0.547	None	1616	Good		
http://ccb.hms.harvard.edu/t2t/RByG4vQbTTe	Information Systems	Systems biology	EDAM.TOPIC:2259	http://edamontology.org/topic_2259	0.547	None	1552	Wrong	Informatics	EDAM.TOPIC:0605
http://ccb.hms.harvard.edu/t2t/RHc7Lx9KBgm	Veterinary Diagnosis and Diagnostics	Biomarkers	EDAM.TOPIC:3360	http://edamontology.org/topic_3360	0.546	None	6000	Wrong	Veterinary medicine	EDAM.TOPIC:3397
http://ccb.hms.harvard.edu/t2t/RKKCv38Q8bU	Soil Biology	Biology	EDAM.TOPIC:3070	http://edamontology.org/topic_3070	0.546	None	2917	Good		
http://ccb.hms.harvard.edu/t2t/RDgpAP2wrGT	Industrial Molecular Engineering of Nucleic Acids and Proteins	Nucleic acids	EDAM.TOPIC:0077	http://edamontology.org/topic_0077	0.545	None	4832	Good		
http://ccb.hms.harvard.edu/t2t/R9c7WtJaRqi	tumor microenvironment	Microbial ecology	EDAM.TOPIC:3697	http://edamontology.org/topic_3697	0.545	None	3476	Wrong	Oncology	EDAM.TOPIC:2640
http://ccb.hms.harvard.edu/t2t/RAs2D9HD72k	clinical trials	Preclinical and clinical studies	EDAM.TOPIC:3379	http://edamontology.org/topic_3379	0.544	None	2381	Good		
http://ccb.hms.harvard.edu/t2t/R7YiT3qfGSc	Genetically Modified Animals	Genetic engineering	EDAM.TOPIC:3912	http://edamontology.org/topic_3912	0.543	None	23384	Good		
http://ccb.hms.harvard.edu/t2t/R7xgiEPzpez	Sensory Systems	Systems biology	EDAM.TOPIC:2259	http://edamontology.org/topic_2259	0.543	None	5637	Wrong	Neurobiology	EDAM.TOPIC:3304
http://ccb.hms.harvard.edu/t2t/R5iCvcJJFHL	Environmental Engineering Design	Environmental sciences	EDAM.TOPIC:3855	http://edamontology.org/topic_3855	0.543	None	2678	Good		
http://ccb.hms.harvard.edu/t2t/RARUPPoLivM	mouse model	Mouse clinic	EDAM.TOPIC:3338	http://edamontology.org/topic_3338	0.543	None	1444	Good		
http://ccb.hms.harvard.edu/t2t/R8n768qsEVq	Sensory systems	Systems biology	EDAM.TOPIC:2259	http://edamontology.org/topic_2259	0.543	None	1412	Wrong	Neurobiology	EDAM.TOPIC:3304
http://ccb.hms.harvard.edu/t2t/RHk9LHddK4j	emergency department	Critical care medicine	EDAM.TOPIC:3403	http://edamontology.org/topic_3403	0.543	None	1102	Good		
http://ccb.hms.harvard.edu/t2t/R3wdL4yu33T	cell signaling	Signaling pathways	EDAM.TOPIC:0754	http://edamontology.org/topic_0754	0.542	None	1342	Deprecated	Molecular interactions, pathways and networks	EDAM.TOPIC:0602
http://ccb.hms.harvard.edu/t2t/RCkXzj9PjF9	findings show	Gene finding	EDAM.TOPIC:0109	http://edamontology.org/topic_0109	0.542	None	1216	EDAM more specific	ignore	
http://ccb.hms.harvard.edu/t2t/RGJeMGwT2jA	Cell Signaling	Signaling pathways	EDAM.TOPIC:0754	http://edamontology.org/topic_0754	0.542	None	1048	Deprecated	Molecular interactions, pathways and networks	EDAM.TOPIC:0602
http://ccb.hms.harvard.edu/t2t/R76SUSTP79J	factors	Transcription factors and regulatory sites	EDAM.TOPIC:0749	http://edamontology.org/topic_0749	0.541	None	2002	EDAM more specific	ignore	
http://ccb.hms.harvard.edu/t2t/RuJDj8X5C73	Aged Health Care	Regulatory affairs	EDAM.TOPIC:3394	http://edamontology.org/topic_3394	0.54	None	12627	Wrong	Geriatric medicine	EDAM.TOPIC:3399
http://ccb.hms.harvard.edu/t2t/RJb3FUwsw7P	synthesis	Synthetic biology	EDAM.TOPIC:3895	http://edamontology.org/topic_3895	0.539	None	7267	EDAM more specific	ignore	
http://ccb.hms.harvard.edu/t2t/REK6wAsJwvh	case study	Animal study	EDAM.TOPIC:3679	http://edamontology.org/topic_3679	0.539	None	2971	Wrong	Medicine	EDAM.TOPIC:3303
http://ccb.hms.harvard.edu/t2t/R8sRJ6eeoxg	Applied computing not elsewhere classified	Applied mathematics	EDAM.TOPIC:3569	http://edamontology.org/topic_3569	0.539	None	1435	Wrong	ignore	
http://ccb.hms.harvard.edu/t2t/R6VD4JKzVNq	Forestry Pests, Health and Diseases	Medical informatics	EDAM.TOPIC:3063	http://edamontology.org/topic_3063	0.539	None	1205	Wrong	Environmental sciences	EDAM.TOPIC:3855
http://ccb.hms.harvard.edu/t2t/R5Qk3SiKGFJ	neglected tropical diseases	Infectious tropical disease	EDAM.TOPIC:3413	http://edamontology.org/topic_3413	0.537	None	1717	Deprecated	Infectious disease	EDAM.TOPIC:3324
http://ccb.hms.harvard.edu/t2t/R7AtKzbQQYw	Molecular Targets	Toxins and targets	EDAM.TOPIC:2661	http://edamontology.org/topic_2661	0.536	None	19676	Deprecated	Molecular interactions, pathways and networks	EDAM.TOPIC:0602
http://ccb.hms.harvard.edu/t2t/RDqauUSGgQV	Parasitic diseases	Pathology	EDAM.TOPIC:0634	http://edamontology.org/topic_0634	0.536	None	1667	Wrong	Parasitology	EDAM.TOPIC:3302
http://ccb.hms.harvard.edu/t2t/R7NoSP843nm	years	Yeast	EDAM.TOPIC:2817	http://edamontology.org/topic_2817	0.536	None	1315	Wrong	ignore	
http://ccb.hms.harvard.edu/t2t/RKHB3E8HcHb	Computer modeling	Computer science	EDAM.TOPIC:3316	http://edamontology.org/topic_3316	0.536	None	1256	Good		
http://ccb.hms.harvard.edu/t2t/RKL4q7cowQY	RNAseq	RNA-Seq	EDAM.TOPIC:3170	http://edamontology.org/topic_3170	0.536	None	1099	Good		
http://ccb.hms.harvard.edu/t2t/R4MYoeupTvA	collected using	Data acquisition	EDAM.TOPIC:3077	http://edamontology.org/topic_3077	0.536	None	1020	EDAM more specific	ignore	
http://ccb.hms.harvard.edu/t2t/RA5Qgn8AGFQ	Climatology	Dermatology	EDAM.TOPIC:3404	http://edamontology.org/topic_3404	0.532	None	2358	Wrong	ignore	
http://ccb.hms.harvard.edu/t2t/R949HMJKcuE	Space and Solar Physics	Physics	EDAM.TOPIC:3318	http://edamontology.org/topic_3318	0.532	None	1243	EDAM broader	ignore	
http://ccb.hms.harvard.edu/t2t/RAtENeuxNvX	Survey research	Laboratory animal science	EDAM.TOPIC:3386	http://edamontology.org/topic_3386	0.531	None	1977	Wrong	ignore	
http://ccb.hms.harvard.edu/t2t/RGHHx4LrH6b	Plant-environment interactions	Protein interactions	EDAM.TOPIC:0128	http://edamontology.org/topic_0128	0.531	None	1176	Wrong	Plant biology	EDAM.TOPIC:0780
http://ccb.hms.harvard.edu/t2t/R8rbQc78qfZ	Behavioural genetics	Genetics	EDAM.TOPIC:3053	http://edamontology.org/topic_3053	0.531	None	1021	OK		
http://ccb.hms.harvard.edu/t2t/R4kCv8ZmXVA	associations	GWAS study	EDAM.TOPIC:3517	http://edamontology.org/topic_3517	0.53	None	1261	EDAM broader	ignore	
http://ccb.hms.harvard.edu/t2t/RCV8JRX2d63	Rehabilitation Engineering	Genetic engineering	EDAM.TOPIC:3912	http://edamontology.org/topic_3912	0.528	None	5457	EDAM more specific	ignore	
http://ccb.hms.harvard.edu/t2t/RDNFGGpLF5f	3 months	Mathematics	EDAM.TOPIC:3315	http://edamontology.org/topic_3315	0.528	None	1531	Wrong	ignore	
http://ccb.hms.harvard.edu/t2t/RY7pczbZMxg	hepatitis	Hepatic and biliary medicine	EDAM.TOPIC:3412	http://edamontology.org/topic_3412	0.528	None	1193	Good		
http://ccb.hms.harvard.edu/t2t/REuMXwfFpkb	Animal Behaviour	Zoology	EDAM.TOPIC:3500	http://edamontology.org/topic_3500	0.526	None	10938	Good		
http://ccb.hms.harvard.edu/t2t/REgEmzPLC2k	Environmental Impact Assessment	Environmental sciences	EDAM.TOPIC:3855	http://edamontology.org/topic_3855	0.526	None	3111	Good		
http://ccb.hms.harvard.edu/t2t/RAYCsVMZXkH	Animal behaviour	Zoology	EDAM.TOPIC:3500	http://edamontology.org/topic_3500	0.526	None	2663	Good		
http://ccb.hms.harvard.edu/t2t/Rer5chVQMig	future research	Laboratory animal science	EDAM.TOPIC:3386	http://edamontology.org/topic_3386	0.526	None	2442	Wrong	ignore	
http://ccb.hms.harvard.edu/t2t/RFTVzgweLXf	sustainable development	Drug development	EDAM.TOPIC:3373	http://edamontology.org/topic_3373	0.526	None	1141	Wrong	ignore	
http://ccb.hms.harvard.edu/t2t/RBtkpMjYxAM	clinical practice	Preclinical and clinical studies	EDAM.TOPIC:3379	http://edamontology.org/topic_3379	0.526	None	1002	Good		
http://ccb.hms.harvard.edu/t2t/R5RXzfkvCUk	6 months	Mathematics	EDAM.TOPIC:3315	http://edamontology.org/topic_3315	0.525	None	2441	Wrong		
http://ccb.hms.harvard.edu/t2t/R5Ad3D92FSg	Political Science not elsewhere classified	Biomedical science	EDAM.TOPIC:3344	http://edamontology.org/topic_3344	0.525	None	1277	Wrong	ignore	
http://ccb.hms.harvard.edu/t2t/RJNeEqUWrzx	clinical characteristics	Medical informatics	EDAM.TOPIC:3063	http://edamontology.org/topic_3063	0.522	None	1222	EDAM more specific	Preclinical and clinical studies	EDAM.TOPIC:3379
http://ccb.hms.harvard.edu/t2t/RCV3VuNfJvJ	Industrial and Organisational Psychology	Genetic organisation	EDAM.TOPIC:3062	http://edamontology.org/topic_3062	0.521	None	11287	Wrong	ignore	
http://ccb.hms.harvard.edu/t2t/R5Vc2CApHkm	Synthesi	Synthetic biology	EDAM.TOPIC:3895	http://edamontology.org/topic_3895	0.521	None	5613	EDAM more specific	ignore	
http://ccb.hms.harvard.edu/t2t/RDp4x9zuMyJ	Agronomy	Taxonomy	EDAM.TOPIC:0637	http://edamontology.org/topic_0637	0.52	None	1481	Wrong	Agricultural science	EDAM.TOPIC:3810
http://ccb.hms.harvard.edu/t2t/RDsvR3TWw58	Clinical research design	Medicine	EDAM.TOPIC:3303	http://edamontology.org/topic_3303	0.519	None	13138	wrong	Preclinical and clinical studies	EDAM.TOPIC:3379
http://ccb.hms.harvard.edu/t2t/RKPSPSoFef5	Hydrology	Protein hydropathy	EDAM.TOPIC:0137	http://edamontology.org/topic_0137	0.519	None	2581	Wrong	ignore	
http://ccb.hms.harvard.edu/t2t/RSridanSHfH	hydrology	Protein hydropathy	EDAM.TOPIC:0137	http://edamontology.org/topic_0137	0.519	None	1445	Wrong	ignore	
http://ccb.hms.harvard.edu/t2t/RJxqquvNJTe	Hydrology not elsewhere classified	Protein hydropathy	EDAM.TOPIC:0137	http://edamontology.org/topic_0137	0.519	None	1257	Wrong	ignore	
http://ccb.hms.harvard.edu/t2t/RGEaccUPbZg	study &# 8217	Animal study	EDAM.TOPIC:3679	http://edamontology.org/topic_3679	0.519	None	1006	Wrong	ignore	
http://ccb.hms.harvard.edu/t2t/RCTepb5Xma8	Developmental Genetics (incl. Sex Determination)	Structure determination	EDAM.TOPIC:2226	http://edamontology.org/topic_2226	0.517	None	23501	Wrong	Developmental biology	EDAM.TOPIC:3064
http://ccb.hms.harvard.edu/t2t/REQA4eUdMWi	Environmental Engineering Modelling	Genetic engineering	EDAM.TOPIC:3912	http://edamontology.org/topic_3912	0.517	None	2785	Wrong	Environmental sciences	EDAM.TOPIC:3855
http://ccb.hms.harvard.edu/t2t/REPXFyfweDR	health system	Biomedical science	EDAM.TOPIC:3344	http://edamontology.org/topic_3344	0.517	None	1006	EDAM broader	Regulatory affairs	EDAM.TOPIC:3394
http://ccb.hms.harvard.edu/t2t/R78WtBLiWYM	cervical cancer	Oncology	EDAM.TOPIC:2640	http://edamontology.org/topic_2640	0.516	None	1263	Good		
http://ccb.hms.harvard.edu/t2t/RF7LSeWnBqG	Inorganic Geochemistry	Chemistry	EDAM.TOPIC:3314	http://edamontology.org/topic_3314	0.515	None	3772	EDAM broader	ignore	
http://ccb.hms.harvard.edu/t2t/RFQAxdXENGd	Alzheimer’s disease	Pathology	EDAM.TOPIC:0634	http://edamontology.org/topic_0634	0.514	None	2493	OK		
http://ccb.hms.harvard.edu/t2t/R3PbCRkqdH5	gut microbiome	Microbiology	EDAM.TOPIC:3301	http://edamontology.org/topic_3301	0.514	None	1863	EDAM broader	Microbial ecology	EDAM.TOPIC:3697
http://ccb.hms.harvard.edu/t2t/R7btNcU5WUX	Social epidemiology	Public health and epidemiology	EDAM.TOPIC:3305	http://edamontology.org/topic_3305	0.512	None	1301	OK		
http://ccb.hms.harvard.edu/t2t/R7xqtD9UD9q	Coronary artery disease	Pathology	EDAM.TOPIC:0634	http://edamontology.org/topic_0634	0.511	None	1024	Wrong	Cardiology	EDAM.TOPIC:3335
http://ccb.hms.harvard.edu/t2t/RKFPVThiSKZ	Nanotoxicology, Health and Safety	Toxicology	EDAM.TOPIC:2840	http://edamontology.org/topic_2840	0.51	None	8866	Good		
http://ccb.hms.harvard.edu/t2t/R8bjtBSfhL6	conformation	Chromosome conformation capture	EDAM.TOPIC:3940	http://edamontology.org/topic_3940	0.51	None	1142	EDAM more specific	ignore	
http://ccb.hms.harvard.edu/t2t/R4PdXBqmQzi	Clinical Psychology	Preclinical and clinical studies	EDAM.TOPIC:3379	http://edamontology.org/topic_3379	0.509	None	11770	EDAM broader	Psychiatry	EDAM.TOPIC:3419
http://ccb.hms.harvard.edu/t2t/R8dNrPQNeas	Cell Development, Proliferation and Death	Drug development	EDAM.TOPIC:3373	http://edamontology.org/topic_3373	0.509	None	10170	Wrong	Cell biology	EDAM.TOPIC:2229
http://ccb.hms.harvard.edu/t2t/RBRo5pjygny	sectional study	Animal study	EDAM.TOPIC:3679	http://edamontology.org/topic_3679	0.509	None	5285	EDAM more specific	ignore	
http://ccb.hms.harvard.edu/t2t/R6PKxZ5YTEj	Library and Information Studies	Experimental design and studies	EDAM.TOPIC:3678	http://edamontology.org/topic_3678	0.509	None	1820	EDAM more specific	Informatics	EDAM.TOPIC:0605
http://ccb.hms.harvard.edu/t2t/RJjq2Ui72zZ	Library and information studies not elsewhere classified	Experimental design and studies	EDAM.TOPIC:3678	http://edamontology.org/topic_3678	0.509	None	1577	EDAM more specific	Informatics	EDAM.TOPIC:0605
http://ccb.hms.harvard.edu/t2t/RKF25LzmHsw	Clinical psychology	Preclinical and clinical studies	EDAM.TOPIC:3379	http://edamontology.org/topic_3379	0.509	None	1375	EDAM broader	Psychiatry	EDAM.TOPIC:3419
http://ccb.hms.harvard.edu/t2t/R9uk8vmxmRZ	sensitivity analysis	Sequence analysis	EDAM.TOPIC:0080	http://edamontology.org/topic_0080	0.509	None	1327	Wrong	ignore	
http://ccb.hms.harvard.edu/t2t/R3xuaYndj6i	metabolic syndrome	Metabolic disease	EDAM.TOPIC:3323	http://edamontology.org/topic_3323	0.509	None	1013	Deprecated	Endocrinology and metabolism	EDAM.TOPIC:3407
http://ccb.hms.harvard.edu/t2t/RvfSzoyU5ZX	Food Packaging, Preservation and Safety	DNA packaging	EDAM.TOPIC:3176	http://edamontology.org/topic_3176	0.508	None	1715	Wrong	ignore	
http://ccb.hms.harvard.edu/t2t/RED6Vt4RAXv	Terrestrial Ecology	Ecology	EDAM.TOPIC:0610	http://edamontology.org/topic_0610	0.505	None	5831	Good		
http://ccb.hms.harvard.edu/t2t/RGNfP688tfG	Terrestrial ecology	Ecology	EDAM.TOPIC:0610	http://edamontology.org/topic_0610	0.505	None	2875	Good		
http://ccb.hms.harvard.edu/t2t/R3posC9cCBt	women's health	Biomedical science	EDAM.TOPIC:3344	http://edamontology.org/topic_3344	0.505	None	2116	EDAM Broader	Gynaecology and obstetrics	EDAM.TOPIC:3411
http://ccb.hms.harvard.edu/t2t/RGRSEHjDrUD	Clinical Pharmacy and Pharmacy Practice	Pharmacology	EDAM.TOPIC:0202	http://edamontology.org/topic_0202	0.504	None	15446	Good		
http://ccb.hms.harvard.edu/t2t/RFCchWdNuB9	Climate Science	Informatics	EDAM.TOPIC:0605	http://edamontology.org/topic_0605	0.504	None	9322	Wrong	Ignore	
http://ccb.hms.harvard.edu/t2t/RKMyGWsWha9	Environmental assessment and monitoring	Environmental sciences	EDAM.TOPIC:3855	http://edamontology.org/topic_3855	0.503	None	2708	Good		
http://ccb.hms.harvard.edu/t2t/RK3zwH3UhEY	Basic cancer research	Laboratory animal science	EDAM.TOPIC:3386	http://edamontology.org/topic_3386	0.503	None	2437	Wrong	Oncology	EDAM.TOPIC:2640
http://ccb.hms.harvard.edu/t2t/R7y6TtdgVVk	Clinical epidemiology	Public health and epidemiology	EDAM.TOPIC:3305	http://edamontology.org/topic_3305	0.503	None	2364	Good		
http://ccb.hms.harvard.edu/t2t/RHLjeSFLp5Q	predictor	Structure prediction	EDAM.TOPIC:0082	http://edamontology.org/topic_0082	0.502	None	2034	EDAM more specific	ignore	
http://ccb.hms.harvard.edu/t2t/RAXoNgkWLkw	Beam Transmission	Infectious disease	EDAM.TOPIC:3324	http://edamontology.org/topic_3324	0.501	None	1096	Wrong	ignore	
http://ccb.hms.harvard.edu/t2t/R9t5spbfnDm	Medical Biochemistry: Proteins and Peptides (incl. Medical Proteomics)	Protein signal peptides	EDAM.TOPIC:3544	http://edamontology.org/topic_3544	0.5	None	5501	Deprecated	Molecular medicine	EDAM.TOPIC:3388
http://ccb.hms.harvard.edu/t2t/RGjFWr2qkqi	Oral and Maxillofacial Surgery	Surgery	EDAM.TOPIC:3421	http://edamontology.org/topic_3421	0.5	None	1375	Good		
http://ccb.hms.harvard.edu/t2t/R4oZhtUiu8S	radiology	Cardiology	EDAM.TOPIC:3335	http://edamontology.org/topic_3335	0.499	None	1747	Wrong	Medical imaging	EDAM.TOPIC:3384
http://ccb.hms.harvard.edu/t2t/R8GVdtghkFd	Health care policy	Regulatory affairs	EDAM.TOPIC:3394	http://edamontology.org/topic_3394	0.498	None	4874	Good		
http://ccb.hms.harvard.edu/t2t/R7X8MrYJ39P	Primary Health Care	Regulatory affairs	EDAM.TOPIC:3394	http://edamontology.org/topic_3394	0.497	None	17413	OK	Quality affairs	EDAM.TOPIC:3393
http://ccb.hms.harvard.edu/t2t/RFKMsrJXwUz	Exploration Geochemistry	Chemistry	EDAM.TOPIC:3314	http://edamontology.org/topic_3314	0.497	None	3753	EDAM Broader	ignore	
http://ccb.hms.harvard.edu/t2t/RFWNmbvfCiq	Sports and exercise medicine	Medicine	EDAM.TOPIC:3303	http://edamontology.org/topic_3303	0.496	None	1227	Good		
http://ccb.hms.harvard.edu/t2t/RvH4gZ5yWu8	Anthropological genetics	Genetics	EDAM.TOPIC:3053	http://edamontology.org/topic_3053	0.496	None	1084	Good		
http://ccb.hms.harvard.edu/t2t/RDN2juRAjwK	Neuroscience	Neurology	EDAM.TOPIC:3334	http://edamontology.org/topic_3334	0.495	None	185547	EDAM more specific	Neurobiology	EDAM.TOPIC:3304
http://ccb.hms.harvard.edu/t2t/R3ddg5BuoPY	neuroscience	Neurology	EDAM.TOPIC:3334	http://edamontology.org/topic_3334	0.495	None	9727	EDAM more specific	Neurobiology	EDAM.TOPIC:3304
http://ccb.hms.harvard.edu/t2t/R9Un26kJzxF	findings suggest	Gene finding	EDAM.TOPIC:0109	http://edamontology.org/topic_0109	0.495	None	3938	Wrong	Ignore	
http://ccb.hms.harvard.edu/t2t/R8PsBW4HYKU	study area	Animal study	EDAM.TOPIC:3679	http://edamontology.org/topic_3679	0.495	None	1732	Wrong	Ignore	
http://ccb.hms.harvard.edu/t2t/R4ssdEejYqX	Ecosystem Function	Protein function prediction	EDAM.TOPIC:2276	http://edamontology.org/topic_2276	0.495	None	1165	Wrong	Ecology	EDAM.TOPIC:0610
http://ccb.hms.harvard.edu/t2t/RBVmejFmfLG	proposed method	Laboratory techniques	EDAM.TOPIC:3361	http://edamontology.org/topic_3361	0.495	None	1094	Wrong	Ignore	
http://ccb.hms.harvard.edu/t2t/R3xY2sC9kUe	Conservation science	Informatics	EDAM.TOPIC:0605	http://edamontology.org/topic_0605	0.493	None	2201	Wrong	Environmental sciences	EDAM.TOPIC:3855
http://ccb.hms.harvard.edu/t2t/RKa7KB3c4r5	antibiotic resistance	Antimicrobial Resistance	EDAM.TOPIC:4013	http://edamontology.org/topic_4013	0.493	None	1841	Good	Antimicrobial resistance	EDAM.TOPIC:4013
http://ccb.hms.harvard.edu/t2t/RKP8aCHjyuJ	present study	Animal study	EDAM.TOPIC:3679	http://edamontology.org/topic_3679	0.492	None	3382	Wrong	Ignore	
http://ccb.hms.harvard.edu/t2t/R4VjGzZnSnU	cancer cells	Oncology	EDAM.TOPIC:2640	http://edamontology.org/topic_2640	0.492	None	1605	Good		
http://ccb.hms.harvard.edu/t2t/RB3Aj87JBJo	Health Information Systems (incl. Surveillance)	Medical informatics	EDAM.TOPIC:3063	http://edamontology.org/topic_3063	0.491	None	9545	Good		
http://ccb.hms.harvard.edu/t2t/R49JmXfFo68	gut microbiota	Microbiology	EDAM.TOPIC:3301	http://edamontology.org/topic_3301	0.491	None	4932	EDAM Broader	Microbial ecology	EDAM.TOPIC:3697
http://ccb.hms.harvard.edu/t2t/RGbsQkXj9qE	Behavioral ecology	Ecology	EDAM.TOPIC:0610	http://edamontology.org/topic_0610	0.491	None	1646	Good		
http://ccb.hms.harvard.edu/t2t/R5Mizp2aupN	Public and occupational health	Public health and epidemiology	EDAM.TOPIC:3305	http://edamontology.org/topic_3305	0.49	None	3996	Good		
http://ccb.hms.harvard.edu/t2t/R7RRm458HWy	systematic	Systems biology	EDAM.TOPIC:2259	http://edamontology.org/topic_2259	0.49	None	1153	EDAM more specific	Ignore	
http://ccb.hms.harvard.edu/t2t/RKjHRAGgbfN	Health Promotion	Promoters	EDAM.TOPIC:1312	http://edamontology.org/topic_1312	0.489	None	9488	Wrong	Biomedical science	EDAM.TOPIC:3344
http://ccb.hms.harvard.edu/t2t/RGXyQ32raxz	chronic kidney disease	Pathology	EDAM.TOPIC:0634	http://edamontology.org/topic_0634	0.489	None	1553	Wrong	Urology and nephrology	EDAM.TOPIC:3422
http://ccb.hms.harvard.edu/t2t/R4JkdjKoPKb	Chronic kidney disease	Pathology	EDAM.TOPIC:0634	http://edamontology.org/topic_0634	0.489	None	1453	Wrong	Urology and nephrology	EDAM.TOPIC:3422
http://ccb.hms.harvard.edu/t2t/R5y5TAYNwEx	health status	Biomedical science	EDAM.TOPIC:3344	http://edamontology.org/topic_3344	0.487	None	1347	OK		
http://ccb.hms.harvard.edu/t2t/RJ5MSfvBFA3	Host-pathogen interaction	Pathogens	EDAM.TOPIC:0783	http://edamontology.org/topic_0783	0.487	None	1305	Deprecated	Infectious disease	EDAM.TOPIC:3324
http://ccb.hms.harvard.edu/t2t/R5VCx62Vrca	2 years	Yeast	EDAM.TOPIC:2817	http://edamontology.org/topic_2817	0.487	None	1194	Wrong	ignore	
http://ccb.hms.harvard.edu/t2t/R9aAKRGDQeY	Oceanography	Tomography	EDAM.TOPIC:3452	http://edamontology.org/topic_3452	0.486	None	10815	Wrong	Ignore	
http://ccb.hms.harvard.edu/t2t/R4kQto3Rrac	ability	Statistics and probability	EDAM.TOPIC:2269	http://edamontology.org/topic_2269	0.483	None	1825	Wrong	Ignore	
http://ccb.hms.harvard.edu/t2t/R5vD6kWLdzn	Space Science	Informatics	EDAM.TOPIC:0605	http://edamontology.org/topic_0605	0.482	None	96212	Wrong	Ignore	
http://ccb.hms.harvard.edu/t2t/R98BR9G3N5o	RT-PCR	PCR experiment	EDAM.TOPIC:3519	http://edamontology.org/topic_3519	0.482	None	2222	Good		
http://ccb.hms.harvard.edu/t2t/R8NnGafnURZ	Condensed Matter Physics	Physics	EDAM.TOPIC:3318	http://edamontology.org/topic_3318	0.482	None	1494	EDAM Broader	Ignore	
http://ccb.hms.harvard.edu/t2t/RJ2NdmhoL46	Receptors and Membrane Biology	Protein membrane regions	EDAM.TOPIC:1456	http://edamontology.org/topic_1456	0.481	None	5111	Deprecated	Membrane and lipoproteins	EDAM.TOPIC:0820
http://ccb.hms.harvard.edu/t2t/REzashW26fQ	Civil Geotechnical Engineering	Genetic engineering	EDAM.TOPIC:3912	http://edamontology.org/topic_3912	0.481	None	1631	Wrong	Ignore	
http://ccb.hms.harvard.edu/t2t/REPcqqufRGg	patients	Safety sciences	EDAM.TOPIC:3377	http://edamontology.org/topic_3377	0.48	None	9783	Wrong	Medicine	EDAM.TOPIC:3303
http://ccb.hms.harvard.edu/t2t/RCVoJLwRixM	Cellular types	Cellular process pathways	EDAM.TOPIC:3527	http://edamontology.org/topic_3527	0.48	None	2892	deprecated	Cell biology	EDAM.TOPIC:2229
http://ccb.hms.harvard.edu/t2t/R9WcbreEP7N	Physiological processes	Physiology	EDAM.TOPIC:3300	http://edamontology.org/topic_3300	0.48	None	1686	Good		
http://ccb.hms.harvard.edu/t2t/RBWoQyGwxfZ	Industrial Biotechnology Diagnostics (incl. Biosensors)	Biotechnology	EDAM.TOPIC:3297	http://edamontology.org/topic_3297	0.479	None	4878	Good		
http://ccb.hms.harvard.edu/t2t/R72VSax9UXq	Isotope Geochemistry	Chemistry	EDAM.TOPIC:3314	http://edamontology.org/topic_3314	0.479	None	3899	EDAM Broader	ignore	
http://ccb.hms.harvard.edu/t2t/RCCGNVhuGuU	Health Policy	Biomedical science	EDAM.TOPIC:3344	http://edamontology.org/topic_3344	0.479	None	1447	EDAM more specific	Regulatory affairs	EDAM.TOPIC:3394
http://ccb.hms.harvard.edu/t2t/RKEmg7zxKps	RNA interference	RNA	EDAM.TOPIC:0099	http://edamontology.org/topic_0099	0.479	None	1395	EDAM Broader	RNAi experiment	EDAM.TOPIC:3523
http://ccb.hms.harvard.edu/t2t/RAdAbxGkbWs	subjects	Data types and objects	EDAM.TOPIC:0770	http://edamontology.org/topic_0770	0.478	None	1723	Wrong	ignore	
http://ccb.hms.harvard.edu/t2t/RKvjvPcdLPn	Health screening	Compound libraries and screening	EDAM.TOPIC:3343	http://edamontology.org/topic_3343	0.478	None	1108	EDAM more specific	Biomedical science	EDAM.TOPIC:3344
http://ccb.hms.harvard.edu/t2t/RBScxzTNbRy	Food Sciences not elsewhere classified	Biosciences	EDAM.TOPIC:4019	http://edamontology.org/topic_4019	0.477	None	4205	OK		
http://ccb.hms.harvard.edu/t2t/RJ48985j9YS	mRNA	RNA	EDAM.TOPIC:0099	http://edamontology.org/topic_0099	0.477	None	1553	Good		
http://ccb.hms.harvard.edu/t2t/RHcUrrhWqTK	cytokine	Cytometry	EDAM.TOPIC:3934	http://edamontology.org/topic_3934	0.477	None	1452	Wrong	Molecular interactions, pathways and networks	EDAM.TOPIC:0602
http://ccb.hms.harvard.edu/t2t/RH6D5kPNo8h	mrna	RNA	EDAM.TOPIC:0099	http://edamontology.org/topic_0099	0.477	None	1125	EDAM broader	Gene transcripts	EDAM.TOPIC:3512
http://ccb.hms.harvard.edu/t2t/RCJhbJhgQLm	Behavioural Ecology	Ecology	EDAM.TOPIC:0610	http://edamontology.org/topic_0610	0.476	None	6192	Good		
http://ccb.hms.harvard.edu/t2t/RGjjuYWphQt	Behavioural ecology	Ecology	EDAM.TOPIC:0610	http://edamontology.org/topic_0610	0.476	None	1598	Good		
http://ccb.hms.harvard.edu/t2t/R7bA6cMTo9w	Wildlife and Habitat Management	Data management	EDAM.TOPIC:3071	http://edamontology.org/topic_3071	0.476	None	1424	Wrong	Environmental sciences	EDAM.TOPIC:3855
http://ccb.hms.harvard.edu/t2t/RBYW4P5Ag9c	Autoimmune diseases	Pathology	EDAM.TOPIC:0634	http://edamontology.org/topic_0634	0.476	None	1037	deprecated	Allergy, clinical immunology and immunotherapeutics	EDAM.TOPIC:3400
http://ccb.hms.harvard.edu/t2t/RDDqoxXVhRJ	immunity	Immunomics	EDAM.TOPIC:3967	http://edamontology.org/topic_3967	0.475	None	5582	EDAM more specific	Immunology	EDAM.TOPIC:0804
http://ccb.hms.harvard.edu/t2t/R5yCQ6abWgM	Evolutionary Impacts of Climate Change	Evolutionary biology	EDAM.TOPIC:3299	http://edamontology.org/topic_3299	0.475	None	3819	Good		
http://ccb.hms.harvard.edu/t2t/RAbgF6hgfSp	Quaternary Environments	Environmental sciences	EDAM.TOPIC:3855	http://edamontology.org/topic_3855	0.473	None	3817	Good		
http://ccb.hms.harvard.edu/t2t/RJhvMa2uj8u	nomogram	Tomography	EDAM.TOPIC:3452	http://edamontology.org/topic_3452	0.473	None	1998	Wrong	Applied mathematics	EDAM.TOPIC:3569
http://ccb.hms.harvard.edu/t2t/R5pYZTTNTxm	study aimed	Animal study	EDAM.TOPIC:3679	http://edamontology.org/topic_3679	0.472	None	10330	Wrong	Ignore	
http://ccb.hms.harvard.edu/t2t/RJRpEsmwZNA	5 years	Yeast	EDAM.TOPIC:2817	http://edamontology.org/topic_2817	0.471	None	2048	Wrong	Ignore	
http://ccb.hms.harvard.edu/t2t/R5aPYNnqDcp	radiomics	Multiomics	EDAM.TOPIC:4021	http://edamontology.org/topic_4021	0.471	None	1010	one to many mapping	Multiomics|Imaging	EDAM.TOPIC:4021|EDAM.TOPIC:3382
http://ccb.hms.harvard.edu/t2t/RJCVQxT3Tbv	Health services research	Sequence search	EDAM.TOPIC:3346	http://edamontology.org/topic_3346	0.47	None	1112	Wrong	Quality affairs	EDAM.TOPIC:3393
http://ccb.hms.harvard.edu/t2t/R8gDd54MJeU	Drugs and devices	Drugs and target structures	EDAM.TOPIC:0620	http://edamontology.org/topic_0620	0.469	None	3326	Unclear	Regulatory affairs	EDAM.TOPIC:3394
http://ccb.hms.harvard.edu/t2t/RDvh8YT44L5	12 months	Mathematics	EDAM.TOPIC:3315	http://edamontology.org/topic_3315	0.469	None	2678	Wrong	Ignore	
http://ccb.hms.harvard.edu/t2t/R72aDahncNA	lung cancer	Oncology	EDAM.TOPIC:2640	http://edamontology.org/topic_2640	0.467	None	2256	OK		
http://ccb.hms.harvard.edu/t2t/RJqiEagP8pA	structured interviews	Gene structure	EDAM.TOPIC:0114	http://edamontology.org/topic_0114	0.467	None	1231	Wrong	Ignore	
http://ccb.hms.harvard.edu/t2t/R6WmZ4e5wMt	Lung Cancer	Oncology	EDAM.TOPIC:2640	http://edamontology.org/topic_2640	0.467	None	1091	OK		
http://ccb.hms.harvard.edu/t2t/RK8xE8syPN6	Biostatistics	Statistics and probability	EDAM.TOPIC:2269	http://edamontology.org/topic_2269	0.466	None	3051	OK		
http://ccb.hms.harvard.edu/t2t/R4sJqSZLgwg	methodology	Laboratory techniques	EDAM.TOPIC:3361	http://edamontology.org/topic_3361	0.466	None	1532	Wrong	Ignore	
http://ccb.hms.harvard.edu/t2t/RHSv7ZtCwdb	study aims	Animal study	EDAM.TOPIC:3679	http://edamontology.org/topic_3679	0.465	None	4279	Wrong	Ignore	
http://ccb.hms.harvard.edu/t2t/RJpFGo82YrG	progression	Protein expression	EDAM.TOPIC:0108	http://edamontology.org/topic_0108	0.464	None	1259	Wrong	Ignore	
http://ccb.hms.harvard.edu/t2t/R8BFzMJ3ZJr	Energy Generation, Conversion and Storage Engineering	Genetic engineering	EDAM.TOPIC:3912	http://edamontology.org/topic_3912	0.462	None	1579	Wrong	Ignore	
http://ccb.hms.harvard.edu/t2t/R6uujgc6AL9	haplotype	Genotype and phenotype	EDAM.TOPIC:0625	http://edamontology.org/topic_0625	0.462	None	1212	OK		
http://ccb.hms.harvard.edu/t2t/R9zrhsE6qGP	Sexually transmitted diseases	Infectious disease	EDAM.TOPIC:3324	http://edamontology.org/topic_3324	0.461	None	1343	Good		
http://ccb.hms.harvard.edu/t2t/RCthdHdZibE	physical activity	Physics	EDAM.TOPIC:3318	http://edamontology.org/topic_3318	0.459	None	3020	Wrong	Medicine	EDAM.TOPIC:3303
http://ccb.hms.harvard.edu/t2t/R7k47bK7LPw	cytokines	Cytometry	EDAM.TOPIC:3934	http://edamontology.org/topic_3934	0.459	None	2563	Wrong	Molecular interactions, pathways and networks	EDAM.TOPIC:0602
http://ccb.hms.harvard.edu/t2t/RK2aJEYRYKj	Immune cells	Immunogenetics	EDAM.TOPIC:3930	http://edamontology.org/topic_3930	0.458	None	2068	EDAM more specific	Immunology	EDAM.TOPIC:0804
http://ccb.hms.harvard.edu/t2t/RKMyvagYGS9	Soil Science	Informatics	EDAM.TOPIC:0605	http://edamontology.org/topic_0605	0.458	None	1070	Wrong	Environmental sciences	EDAM.TOPIC:3855
http://ccb.hms.harvard.edu/t2t/REyjTQ5ALCM	infected	Infectious disease	EDAM.TOPIC:3324	http://edamontology.org/topic_3324	0.458	None	1050	Good		
http://ccb.hms.harvard.edu/t2t/RKfkkKh3Cq9	Environmental and Occupational Health and Safety	Environmental sciences	EDAM.TOPIC:3855	http://edamontology.org/topic_3855	0.457	None	10647	Wrong	Safety sciences	EDAM.TOPIC:3377
http://ccb.hms.harvard.edu/t2t/R6hW7qjrYzo	health care providers	Regulatory affairs	EDAM.TOPIC:3394	http://edamontology.org/topic_3394	0.457	None	1138	OK	Quality affairs	EDAM.TOPIC:3393
http://ccb.hms.harvard.edu/t2t/R8xwkkrKtHt	Earth Sciences not elsewhere classified	Biosciences	EDAM.TOPIC:4019	http://edamontology.org/topic_4019	0.456	None	4646	Wrong	Ignore	
http://ccb.hms.harvard.edu/t2t/RdWni4ydigf	study period	Animal study	EDAM.TOPIC:3679	http://edamontology.org/topic_3679	0.456	None	2265	Wrong	Ignore	
http://ccb.hms.harvard.edu/t2t/REsRCQQsHta	HOMO	Homology modelling	EDAM.TOPIC:0175	http://edamontology.org/topic_0175	0.456	None	1015	Wrong	Ignore	
http://ccb.hms.harvard.edu/t2t/REmKT4T5QNf	study found	Animal study	EDAM.TOPIC:3679	http://edamontology.org/topic_3679	0.454	None	1011	Wrong	Ignore	
http://ccb.hms.harvard.edu/t2t/RBa9xXRUznJ	variable	Genetic variation	EDAM.TOPIC:0199	http://edamontology.org/topic_0199	0.451	None	1741	Unclear	Ignore	
http://ccb.hms.harvard.edu/t2t/RjZkafeKqtq	cyclization	Cell cycle	EDAM.TOPIC:0612	http://edamontology.org/topic_0612	0.451	None	1490	Unclear	Ignore	
http://ccb.hms.harvard.edu/t2t/RK7Qx5QGxsr	Science Policy	Informatics	EDAM.TOPIC:0605	http://edamontology.org/topic_0605	0.45	None	331034	Unclear	Ignore	
http://ccb.hms.harvard.edu/t2t/RD4XW2vNeet	Sociology	Biology	EDAM.TOPIC:3070	http://edamontology.org/topic_3070	0.45	None	142154	Wrong	Ignore	
http://ccb.hms.harvard.edu/t2t/RHJGUmHc2JP	Physical Oceanography	Tomography	EDAM.TOPIC:3452	http://edamontology.org/topic_3452	0.45	None	9996	Wrong	Ignore	
http://ccb.hms.harvard.edu/t2t/RHKcj4FwNSn	Sociology not elsewhere classified	Biology	EDAM.TOPIC:3070	http://edamontology.org/topic_3070	0.45	None	1574	Wrong	Ignore	
http://ccb.hms.harvard.edu/t2t/R5tfSqmRXZm	radiotherapy	Biotherapeutics	EDAM.TOPIC:3374	http://edamontology.org/topic_3374	0.45	None	1037	Wrong	Oncology	EDAM.TOPIC:2640
http://ccb.hms.harvard.edu/t2t/R7BvqYxs4LN	Signal Transduction	Signal or transit peptide	EDAM.TOPIC:3135	http://edamontology.org/topic_3135	0.449	None	5106	Deprecated	Molecular interactions, pathways and networks	EDAM.TOPIC:0602
http://ccb.hms.harvard.edu/t2t/R6qsz34r9Gs	Signal transduction	Signal or transit peptide	EDAM.TOPIC:3135	http://edamontology.org/topic_3135	0.449	None	4422	Deprecated	Molecular interactions, pathways and networks	EDAM.TOPIC:0602
http://ccb.hms.harvard.edu/t2t/RG8RQkv6tG9	coronavirus disease 2019	Pathology	EDAM.TOPIC:0634	http://edamontology.org/topic_0634	0.449	None	2188	Deprecated	Infectious disease	EDAM.TOPIC:3324
http://ccb.hms.harvard.edu/t2t/R7qPJ63RhDz	findings highlight	Gene finding	EDAM.TOPIC:0109	http://edamontology.org/topic_0109	0.449	None	1285	Wrong	Ignore	
http://ccb.hms.harvard.edu/t2t/RAAQHZcypnE	content	Document, record and content management	EDAM.TOPIC:0220	http://edamontology.org/topic_0220	0.449	None	1005	Wrong	Ignore	
http://ccb.hms.harvard.edu/t2t/R42sQUGSie5	application	Applied mathematics	EDAM.TOPIC:3569	http://edamontology.org/topic_3569	0.448	None	2512	Wrong	Ignore	
http://ccb.hms.harvard.edu/t2t/REg4oyNRsUH	cohort study	Animal study	EDAM.TOPIC:3679	http://edamontology.org/topic_3679	0.447	None	2038	Wrong	Preclinical and clinical studies	EDAM.TOPIC:3379
http://ccb.hms.harvard.edu/t2t/RB66nNXoDcq	HIV infection	Infectious disease	EDAM.TOPIC:3324	http://edamontology.org/topic_3324	0.447	None	1031	Good		
http://ccb.hms.harvard.edu/t2t/REtemaPddjS	Landscape Ecology	Ecology	EDAM.TOPIC:0610	http://edamontology.org/topic_0610	0.446	None	5684	Good		
http://ccb.hms.harvard.edu/t2t/RDxrQ8whU8K	Cellular stress responses	Cellular process pathways	EDAM.TOPIC:3527	http://edamontology.org/topic_3527	0.446	None	1073	Deprecated	Molecular interactions, pathways and networks	EDAM.TOPIC:0602
http://ccb.hms.harvard.edu/t2t/RX5LHAYvXx5	prognostic	Biomarkers	EDAM.TOPIC:3360	http://edamontology.org/topic_3360	0.444	None	1249	EDAM too specific	Biomedicine	
http://ccb.hms.harvard.edu/t2t/RERUeFSMAuq	regression	Gene expression	EDAM.TOPIC:0203	http://edamontology.org/topic_0203	0.441	None	5459	Wrong	Ignore	
http://ccb.hms.harvard.edu/t2t/RGhmSMPcJYZ	Industrial Microbiology (incl. Biofeedstocks)	Microbiology	EDAM.TOPIC:3301	http://edamontology.org/topic_3301	0.441	None	4846	Good		
http://ccb.hms.harvard.edu/t2t/R6dovTK4RSG	cancer patients	Oncology	EDAM.TOPIC:2640	http://edamontology.org/topic_2640	0.44	None	1264	Good		
http://ccb.hms.harvard.edu/t2t/RB4dFCaRyH2	Survey methods	Chromosome conformation capture	EDAM.TOPIC:3940	http://edamontology.org/topic_3940	0.44	None	1249	Wrong	Ignore	
http://ccb.hms.harvard.edu/t2t/RJGdCyUA3xn	quality of life	Quality affairs	EDAM.TOPIC:3393	http://edamontology.org/topic_3393	0.44	None	1099	Wrong	Ignore	
http://ccb.hms.harvard.edu/t2t/RC3AqCKzaLa	Orthopaedics	Paediatrics	EDAM.TOPIC:3418	http://edamontology.org/topic_3418	0.438	None	10130	Wrong	Musculoskeletal medicine	EDAM.TOPIC:3416
http://ccb.hms.harvard.edu/t2t/RKUZqbdNzRp	multivariate	Multiomics	EDAM.TOPIC:4021	http://edamontology.org/topic_4021	0.438	None	1361	Wrong	Ignore	
http://ccb.hms.harvard.edu/t2t/RJfufUBf8q4	training	Data mining	EDAM.TOPIC:3473	http://edamontology.org/topic_3473	0.438	None	1283	Wrong	Ignore	
http://ccb.hms.harvard.edu/t2t/RCT8Ko6rcFS	current study	Animal study	EDAM.TOPIC:3679	http://edamontology.org/topic_3679	0.437	None	1477	Wrong	Ignore	
http://ccb.hms.harvard.edu/t2t/RHvmaqjYj4i	Progression, Invasion & Metastasis	Epistasis	EDAM.TOPIC:3974	http://edamontology.org/topic_3974	0.437	None	1219	Wrong	Oncology	EDAM.TOPIC:2640
http://ccb.hms.harvard.edu/t2t/RhiZKFcZ4Ha	study provides	Animal study	EDAM.TOPIC:3679	http://edamontology.org/topic_3679	0.436	None	1304	Wrong	Ignore	
http://ccb.hms.harvard.edu/t2t/R72KddQkt5N	Endocrine system	Endocrinology and metabolism	EDAM.TOPIC:3407	http://edamontology.org/topic_3407	0.436	None	1294	Good		
http://ccb.hms.harvard.edu/t2t/R5gpSNJcRYi	prostate cancer	Oncology	EDAM.TOPIC:2640	http://edamontology.org/topic_2640	0.435	None	2167	OK		
http://ccb.hms.harvard.edu/t2t/R36qUrJoA2V	Prostate cancer	Oncology	EDAM.TOPIC:2640	http://edamontology.org/topic_2640	0.435	None	1662	OK		
http://ccb.hms.harvard.edu/t2t/RFpk2U5rkBv	Pharmaceutical Sciences	Biomedical science	EDAM.TOPIC:3344	http://edamontology.org/topic_3344	0.434	None	15549	EDAM broader	Pharmacology	EDAM.TOPIC:0202
http://ccb.hms.harvard.edu/t2t/R3Q2wFqCDSX	RR	rRNA	EDAM.TOPIC:0660	http://edamontology.org/topic_0660	0.433	None	3445	Unclear	Ignore	
http://ccb.hms.harvard.edu/t2t/RH4YmGpdWAP	gastric cancer	Oncology	EDAM.TOPIC:2640	http://edamontology.org/topic_2640	0.433	None	1792	OK		
http://ccb.hms.harvard.edu/t2t/R5ur84tJykn	rr	rRNA	EDAM.TOPIC:0660	http://edamontology.org/topic_0660	0.433	None	1063	Unclear	Ignore	
http://ccb.hms.harvard.edu/t2t/RCnmAd9N89T	patient &# 8217	Safety sciences	EDAM.TOPIC:3377	http://edamontology.org/topic_3377	0.433	None	1042	Unclear	Ignore	
http://ccb.hms.harvard.edu/t2t/RFaXQUAHLud	Marine Geoscience	Biosciences	EDAM.TOPIC:4019	http://edamontology.org/topic_4019	0.43	None	9634	Wrong	Ignore	
http://ccb.hms.harvard.edu/t2t/R674jYi8xVN	colorectal cancer	Oncology	EDAM.TOPIC:2640	http://edamontology.org/topic_2640	0.43	None	3600	OK		
http://ccb.hms.harvard.edu/t2t/RC49YrWoLBZ	variables	Genetic variation	EDAM.TOPIC:0199	http://edamontology.org/topic_0199	0.43	None	2709	Unclear	Ignore	
http://ccb.hms.harvard.edu/t2t/RJatSJTa9kA	Colorectal cancer	Oncology	EDAM.TOPIC:2640	http://edamontology.org/topic_2640	0.43	None	1521	OK		
http://ccb.hms.harvard.edu/t2t/RJ54iTQksj7	pancreatic cancer	Oncology	EDAM.TOPIC:2640	http://edamontology.org/topic_2640	0.429	None	1215	OK		
http://ccb.hms.harvard.edu/t2t/RFA8k4HusQx	influencing factors	Sequencing	EDAM.TOPIC:3168	http://edamontology.org/topic_3168	0.428	None	1143	Unclear	Ignore	
http://ccb.hms.harvard.edu/t2t/RJoxbuSniHg	Food Chemistry and Molecular Gastronomy (excl. Wine)	Chemistry	EDAM.TOPIC:3314	http://edamontology.org/topic_3314	0.427	None	11421	OK		
http://ccb.hms.harvard.edu/t2t/RGLFx6fwXAJ	non-small cell lung cancer	RNA-Seq	EDAM.TOPIC:3170	http://edamontology.org/topic_3170	0.426	None	1425	Wrong	Oncology	EDAM.TOPIC:2640
http://ccb.hms.harvard.edu/t2t/RAPTAgzSiCQ	Gender Psychology	Gender medicine	EDAM.TOPIC:3410	http://edamontology.org/topic_3410	0.425	None	11318	OK		
http://ccb.hms.harvard.edu/t2t/Rdp7v268FHC	Health Care Administration	Regulatory affairs	EDAM.TOPIC:3394	http://edamontology.org/topic_3394	0.425	None	10239	OK	Quality affairs	EDAM.TOPIC:3393
http://ccb.hms.harvard.edu/t2t/R8hHre26ZCQ	Neurocognitive Patterns and Neural Networks	Neurology	EDAM.TOPIC:3334	http://edamontology.org/topic_3334	0.425	None	2318	OK		
http://ccb.hms.harvard.edu/t2t/RUq6nx63L58	Educational Administration, Management and Leadership	Informatics	EDAM.TOPIC:0605	http://edamontology.org/topic_0605	0.425	None	1316	Wrong	Ignore	
http://ccb.hms.harvard.edu/t2t/R4RqN98CNzE	Health care administration	Regulatory affairs	EDAM.TOPIC:3394	http://edamontology.org/topic_3394	0.425	None	1121	OK	Quality affairs	EDAM.TOPIC:3393
http://ccb.hms.harvard.edu/t2t/R8wWkRQNms6	10 years	Yeast	EDAM.TOPIC:2817	http://edamontology.org/topic_2817	0.425	None	1100	Wrong	Ignore	
http://ccb.hms.harvard.edu/t2t/RB6pd7o4wVW	Carbon Capture Engineering (excl. Sequestration)	Exome sequencing	EDAM.TOPIC:3676	http://edamontology.org/topic_3676	0.424	None	1099	Wrong	Carbon cycle	EDAM.TOPIC:4020
http://ccb.hms.harvard.edu/t2t/RHN3CtZ8z4A	breast cancer	Oncology	EDAM.TOPIC:2640	http://edamontology.org/topic_2640	0.423	None	8207	OK		
http://ccb.hms.harvard.edu/t2t/RATZ3mLPZNq	Social psychology	Psychiatry	EDAM.TOPIC:3419	http://edamontology.org/topic_3419	0.423	None	1930	OK		
http://ccb.hms.harvard.edu/t2t/RJgDgXFZvQ3	Carbon Sequestration Science	Carbon cycle	EDAM.TOPIC:4020	http://edamontology.org/topic_4020	0.423	None	1792	Good		
http://ccb.hms.harvard.edu/t2t/RA3vkV8GuJX	Breast Cancer	Oncology	EDAM.TOPIC:2640	http://edamontology.org/topic_2640	0.423	None	1537	OK		
http://ccb.hms.harvard.edu/t2t/R3K7DNJ8nHr	Breast cancer	Oncology	EDAM.TOPIC:2640	http://edamontology.org/topic_2640	0.423	None	1454	OK		
http://ccb.hms.harvard.edu/t2t/REeV9Y2EdQ2	Chemical Oceanography	Tomography	EDAM.TOPIC:3452	http://edamontology.org/topic_3452	0.422	None	9601	Wrong	Ignore	
http://ccb.hms.harvard.edu/t2t/R6AvNhUiXxY	Astronomical and Space Sciences not elsewhere classified	Biomedical science	EDAM.TOPIC:3344	http://edamontology.org/topic_3344	0.422	None	9228	Wrong	Ignore	
http://ccb.hms.harvard.edu/t2t/R7x2rH6C4Rk	Manufacturing Safety and Quality	Safety sciences	EDAM.TOPIC:3377	http://edamontology.org/topic_3377	0.422	None	1656	Wrong	Quality affairs	EDAM.TOPIC:3393
http://ccb.hms.harvard.edu/t2t/RGzvR4cCqFN	children	Paediatrics	EDAM.TOPIC:3418	http://edamontology.org/topic_3418	0.421	None	3933	unclear	Ignore	
http://ccb.hms.harvard.edu/t2t/R33NmXaMQjB	Specific Conductance	Specific protein resources	EDAM.TOPIC:0635	http://edamontology.org/topic_0635	0.421	None	1156	unclear	Ignore	
http://ccb.hms.harvard.edu/t2t/R3GFqQ3k9ZM	Cancer Prevention	Oncology	EDAM.TOPIC:2640	http://edamontology.org/topic_2640	0.421	None	1037	Good		
http://ccb.hms.harvard.edu/t2t/R793g3tuuBX	International Relations	Protein interactions	EDAM.TOPIC:0128	http://edamontology.org/topic_0128	0.419	None	2096	unclear	Ignore	
http://ccb.hms.harvard.edu/t2t/R3mxeiGLPqR	18 years	Yeast	EDAM.TOPIC:2817	http://edamontology.org/topic_2817	0.419	None	1394	unclear	Ignore	
http://ccb.hms.harvard.edu/t2t/RAMPa93F795	health outcomes	Biomedical science	EDAM.TOPIC:3344	http://edamontology.org/topic_3344	0.418	None	1811	OK	Quality affairs	EDAM.TOPIC:3393
http://ccb.hms.harvard.edu/t2t/R9Li73xwHxi	rates	Vertebrates	EDAM.TOPIC:2820	http://edamontology.org/topic_2820	0.417	None	2132	unclear	Ignore	
http://ccb.hms.harvard.edu/t2t/RAoF2r8XyUV	York University	Biodiversity	EDAM.TOPIC:3050	http://edamontology.org/topic_3050	0.415	None	1004	Wrong	Ignore	
http://ccb.hms.harvard.edu/t2t/R8nCLMgyfBH	Biological Oceanography	Tomography	EDAM.TOPIC:3452	http://edamontology.org/topic_3452	0.414	None	9640	Wrong	Ignore	
http://ccb.hms.harvard.edu/t2t/R5YsYAitwcT	receptor	G protein-coupled receptors (GPCR)	EDAM.TOPIC:0151	http://edamontology.org/topic_0151	0.414	None	2630	Deprecated	Ignore	
http://ccb.hms.harvard.edu/t2t/R8Eph8DTr3q	cell death	Cell biology	EDAM.TOPIC:2229	http://edamontology.org/topic_2229	0.413	None	1258	OK		
http://ccb.hms.harvard.edu/t2t/R4FMVeSYUs3	Cell death	Cell biology	EDAM.TOPIC:2229	http://edamontology.org/topic_2229	0.413	None	1062	OK		
http://ccb.hms.harvard.edu/t2t/R6J2qtWsvKr	risk factors	Transcription factors and regulatory sites	EDAM.TOPIC:0749	http://edamontology.org/topic_0749	0.412	None	13287	Unclear	Ignore	
http://ccb.hms.harvard.edu/t2t/RBbLWQ9mZpk	pilot study	Animal study	EDAM.TOPIC:3679	http://edamontology.org/topic_3679	0.411	None	1042	Unclear	Ignore	
http://ccb.hms.harvard.edu/t2t/R5LdG2wH5YN	Decision Making	Personalised medicine	EDAM.TOPIC:3577	http://edamontology.org/topic_3577	0.41	None	8425	Unclear	Ignore	
http://ccb.hms.harvard.edu/t2t/R74rFxB7d4k	Medical Bacteriology	Medical toxicology	EDAM.TOPIC:3415	http://edamontology.org/topic_3415	0.409	None	7496	one to many mapping	Medicine|Microbiology	EDAM.TOPIC:3303|EDAM.TOPIC:3301
http://ccb.hms.harvard.edu/t2t/R4fGiz7seba	Human Movement and Sports Science not elsewhere classified	Human genetics	EDAM.TOPIC:3574	http://edamontology.org/topic_3574	0.409	None	1635	Wrong	Medicine	EDAM.TOPIC:3303
http://ccb.hms.harvard.edu/t2t/R8KVSZw4cRU	Signaling cascades	Signaling pathways	EDAM.TOPIC:0754	http://edamontology.org/topic_0754	0.409	None	1508	Deprecated	Molecular interactions, pathways and networks	EDAM.TOPIC:0602
http://ccb.hms.harvard.edu/t2t/R7cS4KkTpzA	Mental Health Nursing	Biomedical science	EDAM.TOPIC:3344	http://edamontology.org/topic_3344	0.408	None	8625	OK		
http://ccb.hms.harvard.edu/t2t/RFdRj5eHBMt	DM	Tomography	EDAM.TOPIC:3452	http://edamontology.org/topic_3452	0.408	None	1037	Unclear	Ignore	
http://ccb.hms.harvard.edu/t2t/RCKZDJn8WQW	key role	Protein key folding sites	EDAM.TOPIC:3540	http://edamontology.org/topic_3540	0.407	None	1042	Unclear	Ignore	
http://ccb.hms.harvard.edu/t2t/REhcgf6apRM	Mycology	Ecology	EDAM.TOPIC:0610	http://edamontology.org/topic_0610	0.406	None	37734	Wrong	Biology	EDAM.TOPIC:3070
http://ccb.hms.harvard.edu/t2t/RDo2Cmu9DFo	Palaeontology (incl. Palynology)	Ontology and terminology	EDAM.TOPIC:0089	http://edamontology.org/topic_0089	0.404	None	4671	Wrong	Ignore	
http://ccb.hms.harvard.edu/t2t/R9ie7LFX2vd	Entomology	Enzymes	EDAM.TOPIC:0821	http://edamontology.org/topic_0821	0.404	None	1580	Wrong	Biology	EDAM.TOPIC:3070
http://ccb.hms.harvard.edu/t2t/RHJpR6bZP6Y	Palaeontology (incl. palynology)	Ontology and terminology	EDAM.TOPIC:0089	http://edamontology.org/topic_0089	0.404	None	1058	Wrong	Ignore	
http://ccb.hms.harvard.edu/t2t/RG5bmbxTqbc	health facilities	Biomedical science	EDAM.TOPIC:3344	http://edamontology.org/topic_3344	0.399	None	2025	OK	Quality affairs	EDAM.TOPIC:3393
http://ccb.hms.harvard.edu/t2t/RGgbxkTWKNV	ee	Electroencephalography	EDAM.TOPIC:4014	http://edamontology.org/topic_4014	0.399	None	1165	Unclear	Ignore	
http://ccb.hms.harvard.edu/t2t/R5UqKFUfk3L	significant association	GWAS study	EDAM.TOPIC:3517	http://edamontology.org/topic_3517	0.398	None	1178	Unclear	Ignore	
http://ccb.hms.harvard.edu/t2t/RJeVrs8agKc	Hematological Cancers	Oncology	EDAM.TOPIC:2640	http://edamontology.org/topic_2640	0.398	None	1142	OK		
http://ccb.hms.harvard.edu/t2t/RDRU7SwjqYi	19 patients	Safety sciences	EDAM.TOPIC:3377	http://edamontology.org/topic_3377	0.395	None	1092	Unclear	Ignore	
http://ccb.hms.harvard.edu/t2t/RAosp58Vpxo	Immune response	Immunogenetics	EDAM.TOPIC:3930	http://edamontology.org/topic_3930	0.394	None	2707	EDAM more specific	Immunology	EDAM.TOPIC:0804
http://ccb.hms.harvard.edu/t2t/RJEqCMGWVDT	immune response	Immunogenetics	EDAM.TOPIC:3930	http://edamontology.org/topic_3930	0.394	None	2099	EDAM more specific	Immunology	EDAM.TOPIC:0804
http://ccb.hms.harvard.edu/t2t/RGf9TLSYqYC	biomass	Biomaterials	EDAM.TOPIC:3368	http://edamontology.org/topic_3368	0.394	None	1037	OK		
http://ccb.hms.harvard.edu/t2t/R4ZCdXajzo8	lymph node metastasis	Epistasis	EDAM.TOPIC:3974	http://edamontology.org/topic_3974	0.393	None	1122	Wrong	Oncology	EDAM.TOPIC:2640
http://ccb.hms.harvard.edu/t2t/R3nYSbMwsDt	Health Counselling	Biomedical science	EDAM.TOPIC:3344	http://edamontology.org/topic_3344	0.392	None	9114	OK	Quality affairs	EDAM.TOPIC:3393
http://ccb.hms.harvard.edu/t2t/R45DdErmUsY	hepatocellular carcinoma	Hepatic and biliary medicine	EDAM.TOPIC:3412	http://edamontology.org/topic_3412	0.392	None	3350	OK		
http://ccb.hms.harvard.edu/t2t/RMzsPNSwxQ8	Hepatocellular carcinoma	Hepatic and biliary medicine	EDAM.TOPIC:3412	http://edamontology.org/topic_3412	0.392	None	1291	OK		
http://ccb.hms.harvard.edu/t2t/R9JXvpxg34a	health professionals	Biomedical science	EDAM.TOPIC:3344	http://edamontology.org/topic_3344	0.392	None	1043	OK	Quality affairs	EDAM.TOPIC:3393
http://ccb.hms.harvard.edu/t2t/RAj35Lb5osN	WT	RNA-Seq	EDAM.TOPIC:3170	http://edamontology.org/topic_3170	0.39	None	1126	Unclear	Ignore	
http://ccb.hms.harvard.edu/t2t/RCGA3HgnfAx	wt	RNA-Seq	EDAM.TOPIC:3170	http://edamontology.org/topic_3170	0.39	None	1085	Unclear	Ignore	
http://ccb.hms.harvard.edu/t2t/RtUFmjRMZHB	Cellular Interactions (incl. Adhesion, Matrix, Cell Wall)	Protein interactions	EDAM.TOPIC:0128	http://edamontology.org/topic_0128	0.389	None	11696	OK		
http://ccb.hms.harvard.edu/t2t/R5puitQqtVM	Cancer treatment	Oncology	EDAM.TOPIC:2640	http://edamontology.org/topic_2640	0.389	None	2377	OK		
http://ccb.hms.harvard.edu/t2t/REN2kzzudNQ	cases	Protein databases	EDAM.TOPIC:2225	http://edamontology.org/topic_2225	0.388	None	1904	Wrong	Ignore	
http://ccb.hms.harvard.edu/t2t/RGKWcbVqu8g	adolescent	Scents	EDAM.TOPIC:0618	http://edamontology.org/topic_0618	0.387	None	1799	Wrong	Ignore	
http://ccb.hms.harvard.edu/t2t/R5x6t3vvWPw	insulin resistance	Antimicrobial Resistance	EDAM.TOPIC:4013	http://edamontology.org/topic_4013	0.387	None	1602	Wrong	Endocrinology and metabolism	EDAM.TOPIC:3407
http://ccb.hms.harvard.edu/t2t/RJu2N9MueAn	Physical Education and Development Curriculum and Pedagogy	Developmental biology	EDAM.TOPIC:3064	http://edamontology.org/topic_3064	0.387	None	1262	Wrong	Ignore	
http://ccb.hms.harvard.edu/t2t/RAMWjkRcFQZ	bladder cancer	Oncology	EDAM.TOPIC:2640	http://edamontology.org/topic_2640	0.387	None	1126	OK		
http://ccb.hms.harvard.edu/t2t/RKAAL68kZMr	Public Policy	Public health and epidemiology	EDAM.TOPIC:3305	http://edamontology.org/topic_3305	0.387	None	1057	EDAM more specific	Ignore	
http://ccb.hms.harvard.edu/t2t/R4yVvSbdoSx	Packaging, Storage and Transportation (excl. Food and Agricultural Products)	Agricultural science	EDAM.TOPIC:3810	http://edamontology.org/topic_3810	0.386	None	1646	OK		
http://ccb.hms.harvard.edu/t2t/RGjXLHwGtFA	leading cause	Threading	EDAM.TOPIC:0184	http://edamontology.org/topic_0184	0.386	None	1364	Wrong	Ignore	
http://ccb.hms.harvard.edu/t2t/R5AGdu2t96a	histology	Dermatology	EDAM.TOPIC:3404	http://edamontology.org/topic_3404	0.385	None	1464	Wrong	Data acquisition	EDAM.TOPIC:3077
http://ccb.hms.harvard.edu/t2t/RD362R9HX8e	Renewable Power and Energy Systems Engineering (excl. Solar Cells)	Genetic engineering	EDAM.TOPIC:3912	http://edamontology.org/topic_3912	0.385	None	1295	Wrong	Ignore	
http://ccb.hms.harvard.edu/t2t/RFBZGyorVvZ	Biomechanics	Medical informatics	EDAM.TOPIC:3063	http://edamontology.org/topic_3063	0.384	None	2050	Wrong	Biophysics	EDAM.TOPIC:3306
http://ccb.hms.harvard.edu/t2t/RKoFfCJ5bbf	biomechanics	Medical informatics	EDAM.TOPIC:3063	http://edamontology.org/topic_3063	0.384	None	1248	Wrong	Biophysics	EDAM.TOPIC:3306
http://ccb.hms.harvard.edu/t2t/RzBNtTh6orc	aids	Lipids	EDAM.TOPIC:0153	http://edamontology.org/topic_0153	0.384	None	1038	Unclear	Ignore	
http://ccb.hms.harvard.edu/t2t/R9ubiB3GsaS	bacteriology	Biology	EDAM.TOPIC:3070	http://edamontology.org/topic_3070	0.383	None	2117	EDAM broader	Microbiology	EDAM.TOPIC:3301
http://ccb.hms.harvard.edu/t2t/REbZEaUpRMn	Bacteriology	Biology	EDAM.TOPIC:3070	http://edamontology.org/topic_3070	0.383	None	1705	EDAM broader	Microbiology	EDAM.TOPIC:3301
http://ccb.hms.harvard.edu/t2t/R7bryKqgrs2	tran	Transcription	EDAM.TOPIC:0110	http://edamontology.org/topic_0110	0.383	None	1375	Unclear	Ignore	
http://ccb.hms.harvard.edu/t2t/RALQGwEikWW	Geology	Biology	EDAM.TOPIC:3070	http://edamontology.org/topic_3070	0.381	None	7388	Wrong	Ignore	
http://ccb.hms.harvard.edu/t2t/RAtRjc6MYgo	Geology not elsewhere classified	Biology	EDAM.TOPIC:3070	http://edamontology.org/topic_3070	0.381	None	7177	Wrong	Ignore	
http://ccb.hms.harvard.edu/t2t/RBNVayVQ46u	Spatial and landscape ecology	Ecology	EDAM.TOPIC:0610	http://edamontology.org/topic_0610	0.381	None	1488	OK		
http://ccb.hms.harvard.edu/t2t/RDVjG24HyCk	Clinical Nursing: Tertiary (Rehabilitative)	Protein tertiary structure	EDAM.TOPIC:0698	http://edamontology.org/topic_0698	0.38	None	5337	Wrong	Medicine	EDAM.TOPIC:3303
http://ccb.hms.harvard.edu/t2t/RCQQKuxwY6S	recent years	Yeast	EDAM.TOPIC:2817	http://edamontology.org/topic_2817	0.38	None	2514	Wrong	Ignore	
http://ccb.hms.harvard.edu/t2t/RFScqbnsnzR	student	Experimental design and studies	EDAM.TOPIC:3678	http://edamontology.org/topic_3678	0.38	None	1738	Wrong	Ignore	
http://ccb.hms.harvard.edu/t2t/R6eBXStx8YJ	proportion	Protein properties	EDAM.TOPIC:0123	http://edamontology.org/topic_0123	0.38	None	1048	Wrong	Ignore	
http://ccb.hms.harvard.edu/t2t/R8ojJV6KdiG	retrospective study	Animal study	EDAM.TOPIC:3679	http://edamontology.org/topic_3679	0.379	None	1298	Wrong	Preclinical and clinical studies	EDAM.TOPIC:3379
http://ccb.hms.harvard.edu/t2t/RCDqo2Lv6YE	Photosynthetically Active Radiation	Synthetic biology	EDAM.TOPIC:3895	http://edamontology.org/topic_3895	0.379	None	1104	Wrong	Ignore	
http://ccb.hms.harvard.edu/t2t/RGocHRHSCc9	World Health Organization	Genetic organisation	EDAM.TOPIC:3062	http://edamontology.org/topic_3062	0.378	None	2769	Wrong	Ignore	
http://ccb.hms.harvard.edu/t2t/RHp2gk5SgQ6	world health organization	Genetic organisation	EDAM.TOPIC:3062	http://edamontology.org/topic_3062	0.378	None	1507	Wrong	Ignore	
http://ccb.hms.harvard.edu/t2t/R6egDqLdiuu	SE	Sequence database search	EDAM.TOPIC:0163	http://edamontology.org/topic_0163	0.375	None	1418	Unclear	Ignore	
http://ccb.hms.harvard.edu/t2t/RcG7pYta2e7	Medical Infection Agents (incl. Prions)	Medical informatics	EDAM.TOPIC:3063	http://edamontology.org/topic_3063	0.374	None	7425	Wrong	Infectious disease	EDAM.TOPIC:3324
http://ccb.hms.harvard.edu/t2t/R3TXWwjqgKh	Educational Psychology	Psychiatry	EDAM.TOPIC:3419	http://edamontology.org/topic_3419	0.374	None	1671	OK		
http://ccb.hms.harvard.edu/t2t/R3pymTKfVgH	study participants	Animal study	EDAM.TOPIC:3679	http://edamontology.org/topic_3679	0.374	None	1274	Unclear	Ignore	
http://ccb.hms.harvard.edu/t2t/RiUNqqYk8Ts	morphology	Pathology	EDAM.TOPIC:0634	http://edamontology.org/topic_0634	0.373	None	1435	Deprecated	Genotype and phenotype	EDAM.TOPIC:0625
http://ccb.hms.harvard.edu/t2t/R8NVqU9Qtk4	Health, Clinical and Counselling Psychology	Preclinical and clinical studies	EDAM.TOPIC:3379	http://edamontology.org/topic_3379	0.371	None	11530	Good		
http://ccb.hms.harvard.edu/t2t/RAn8MfLXax7	factors associated	GWAS study	EDAM.TOPIC:3517	http://edamontology.org/topic_3517	0.371	None	3223	Unclear	Ignore	
http://ccb.hms.harvard.edu/t2t/R69NtoKPvGU	associated factors	GWAS study	EDAM.TOPIC:3517	http://edamontology.org/topic_3517	0.371	None	1888	Unclear	Ignore	
http://ccb.hms.harvard.edu/t2t/RBRFtfGrxAu	cycloaddition	Cell cycle	EDAM.TOPIC:0612	http://edamontology.org/topic_0612	0.369	None	1844	Deprecated	Ignore	
http://ccb.hms.harvard.edu/t2t/R8eeze4crww	Chemotherapy	Biotherapeutics	EDAM.TOPIC:3374	http://edamontology.org/topic_3374	0.368	None	20569	EDAM more specific	Medicine	EDAM.TOPIC:3303
http://ccb.hms.harvard.edu/t2t/RCSufmxQrHh	Cellular Nervous System	Cellular process pathways	EDAM.TOPIC:3527	http://edamontology.org/topic_3527	0.368	None	7411	Deprecated	Neurobiology	EDAM.TOPIC:3304
http://ccb.hms.harvard.edu/t2t/RBeRvPzcRKN	chemotherapy	Biotherapeutics	EDAM.TOPIC:3374	http://edamontology.org/topic_3374	0.368	None	1712	EDAM more specific	Medicine	EDAM.TOPIC:3303
http://ccb.hms.harvard.edu/t2t/RJfgeZhFHdM	Automotive Combustion and Fuel Engineering (incl. Alternative/Renewable Fuels)	RNA splicing	EDAM.TOPIC:3320	http://edamontology.org/topic_3320	0.368	None	1187	Wrong	Ignore	
http://ccb.hms.harvard.edu/t2t/R32ZwCsMgDW	patients &# 8217	Safety sciences	EDAM.TOPIC:3377	http://edamontology.org/topic_3377	0.367	None	1683	Wrong	Medicine	EDAM.TOPIC:3303
http://ccb.hms.harvard.edu/t2t/RJjdfNqNZgD	Medicine, Nursing and Health Curriculum and Pedagogy	Medicine	EDAM.TOPIC:3303	http://edamontology.org/topic_3303	0.365	None	8662	Good		
http://ccb.hms.harvard.edu/t2t/RKgLx3XBcew	pandemic	Multiomics	EDAM.TOPIC:4021	http://edamontology.org/topic_4021	0.365	None	1569	Wrong	Public health and epidemiology	EDAM.TOPIC:3305
http://ccb.hms.harvard.edu/t2t/R6qvbEzfkjB	antenatal care	Critical care medicine	EDAM.TOPIC:3403	http://edamontology.org/topic_3403	0.364	None	1109	Wrong	Gynaecology and obstetrics	EDAM.TOPIC:3411
http://ccb.hms.harvard.edu/t2t/R9nQMU4kVbf	Solid Earth Sciences	Biosciences	EDAM.TOPIC:4019	http://edamontology.org/topic_4019	0.363	None	3997	Wrong	Ignore	
http://ccb.hms.harvard.edu/t2t/RFPRaLLddPe	developing countries	Drug development	EDAM.TOPIC:3373	http://edamontology.org/topic_3373	0.363	None	1574	Wrong	Ignore	
http://ccb.hms.harvard.edu/t2t/RHR4nDqM5gK	lncRNA	RNA	EDAM.TOPIC:0099	http://edamontology.org/topic_0099	0.361	None	2788	EDAM broader	Functional, regulatory and non-coding RNA	EDAM.TOPIC:0659
http://ccb.hms.harvard.edu/t2t/R7rgRdkjzHx	Rehabilitation and Therapy (excl. Physiotherapy)	Biotherapeutics	EDAM.TOPIC:3374	http://edamontology.org/topic_3374	0.361	None	2657	Unclear	Biomedicine	
http://ccb.hms.harvard.edu/t2t/R4Uxik6WpuH	basis	Epistasis	EDAM.TOPIC:3974	http://edamontology.org/topic_3974	0.36	None	1033	Wrong	Ignore	
http://ccb.hms.harvard.edu/t2t/REgvy7asyj8	variety	Genetic variation	EDAM.TOPIC:0199	http://edamontology.org/topic_0199	0.359	None	2045	Unclear	Ignore	
http://ccb.hms.harvard.edu/t2t/RFsp6syqRou	Collection: Darelux - River Environment Luxemburg	Data acquisition	EDAM.TOPIC:3077	http://edamontology.org/topic_3077	0.359	None	1243	Wrong	Ignore	
http://ccb.hms.harvard.edu/t2t/R4UNWVk54Lv	Non-automotive Combustion and Fuel Engineering (incl. Alternative/Renewable Fuels)	RNA splicing	EDAM.TOPIC:3320	http://edamontology.org/topic_3320	0.359	None	1110	Wrong	Ignore	
http://ccb.hms.harvard.edu/t2t/RKYZbK93AFA	Cancer risk factors	Transcription factors and regulatory sites	EDAM.TOPIC:0749	http://edamontology.org/topic_0749	0.358	None	2139	Wrong	Oncology	EDAM.TOPIC:2640
http://ccb.hms.harvard.edu/t2t/R94eimf4XXZ	Cancer Risk Factors	Transcription factors and regulatory sites	EDAM.TOPIC:0749	http://edamontology.org/topic_0749	0.358	None	1022	Wrong	Oncology	EDAM.TOPIC:2640
http://ccb.hms.harvard.edu/t2t/RCe7DueR79x	Personality, Social and Criminal Psychology	Personalised medicine	EDAM.TOPIC:3577	http://edamontology.org/topic_3577	0.356	None	11603	Wrong	Ignore	
http://ccb.hms.harvard.edu/t2t/R7xtpv74aMQ	Atmospheric Sciences	Biosciences	EDAM.TOPIC:4019	http://edamontology.org/topic_4019	0.356	None	8672	Wrong	Ignore	
http://ccb.hms.harvard.edu/t2t/RBLgVLRR8rZ	Atmospheric Sciences not elsewhere classified	Biosciences	EDAM.TOPIC:4019	http://edamontology.org/topic_4019	0.356	None	3763	Wrong	Ignore	
http://ccb.hms.harvard.edu/t2t/R6LV5gyWb7J	Atmospheric sciences not elsewhere classified	Biosciences	EDAM.TOPIC:4019	http://edamontology.org/topic_4019	0.356	None	1242	Wrong	Ignore	
http://ccb.hms.harvard.edu/t2t/R8f4dyGijcK	Catalysis and Mechanisms of Reactions	Model organisms	EDAM.TOPIC:0621	http://edamontology.org/topic_0621	0.353	None	4272	Wrong	Ignore	
http://ccb.hms.harvard.edu/t2t/R9DbpMExjnx	Collection: Atmospheric observations IDRA, Cabauw	Data acquisition	EDAM.TOPIC:3077	http://edamontology.org/topic_3077	0.353	None	3174	Wrong	Ignore	
http://ccb.hms.harvard.edu/t2t/RGYFajtRSNM	marine and aquatic sciences	Biosciences	EDAM.TOPIC:4019	http://edamontology.org/topic_4019	0.353	None	2253	EDAM more specific	Ignore	
http://ccb.hms.harvard.edu/t2t/RK5hKd2iPr7	severity	Data security	EDAM.TOPIC:3263	http://edamontology.org/topic_3263	0.352	None	1397	Wrong	Ignore	
http://ccb.hms.harvard.edu/t2t/RJ4MPvYspci	children &# 8217	Paediatrics	EDAM.TOPIC:3418	http://edamontology.org/topic_3418	0.352	None	1280	Unclear	Ignore	
http://ccb.hms.harvard.edu/t2t/R99JsYm5B7D	Power and Energy Systems Engineering (excl. Renewable Power)	Genetic engineering	EDAM.TOPIC:3912	http://edamontology.org/topic_3912	0.351	None	1324	Wrong	Ignore	
http://ccb.hms.harvard.edu/t2t/R8GR4z7VPWR	Glaciology	Biology	EDAM.TOPIC:3070	http://edamontology.org/topic_3070	0.35	None	4008	Wrong	Ignore	
http://ccb.hms.harvard.edu/t2t/RDYH4yaKWE2	Meteorology	Urology and nephrology	EDAM.TOPIC:3422	http://edamontology.org/topic_3422	0.35	None	1467	Wrong	Ignore	
http://ccb.hms.harvard.edu/t2t/RF78CDXjqEo	ED	Sequence editing	EDAM.TOPIC:0156	http://edamontology.org/topic_0156	0.35	None	1071	Unclear	Ignore	
http://ccb.hms.harvard.edu/t2t/RFgw3ZDS6H3	Computer Perception, Memory and Attention	Computer science	EDAM.TOPIC:3316	http://edamontology.org/topic_3316	0.348	None	3181	Good		
http://ccb.hms.harvard.edu/t2t/RJUSFrKhuhF	immune infiltration	Immunogenetics	EDAM.TOPIC:3930	http://edamontology.org/topic_3930	0.348	None	2347	EDAM more specific	Immunology	EDAM.TOPIC:0804
http://ccb.hms.harvard.edu/t2t/R7Q3HcAY4rF	Pt	Protein modifications	EDAM.TOPIC:0601	http://edamontology.org/topic_0601	0.348	None	1176	Unclear	Ignore	
http://ccb.hms.harvard.edu/t2t/R94FozsFDXo	Behavioral Neuroscience	Neurology	EDAM.TOPIC:3334	http://edamontology.org/topic_3334	0.346	None	2143	Good		
http://ccb.hms.harvard.edu/t2t/R6GcWx7YNBZ	DEG	Electroencephalography	EDAM.TOPIC:4014	http://edamontology.org/topic_4014	0.346	None	1623	Unclear	Ignore	
http://ccb.hms.harvard.edu/t2t/R8ZANkvNKN2	Behavioral neuroscience	Neurology	EDAM.TOPIC:3334	http://edamontology.org/topic_3334	0.346	None	1068	Good		
http://ccb.hms.harvard.edu/t2t/R8DNSoTCoCR	photosynthesis	Synthetic biology	EDAM.TOPIC:3895	http://edamontology.org/topic_3895	0.343	None	1255	Wrong	Plant biology	EDAM.TOPIC:0780
http://ccb.hms.harvard.edu/t2t/RFzvQpnKwmr	Cancer Therapy (excl. Chemotherapy and Radiation Therapy)	Biotherapeutics	EDAM.TOPIC:3374	http://edamontology.org/topic_3374	0.341	None	19998	one to many mapping	Biotherapeutics|Oncology	EDAM.TOPIC:3374|EDAM.TOPIC:2640
http://ccb.hms.harvard.edu/t2t/R6gy4hYX2di	study highlights	Animal study	EDAM.TOPIC:3679	http://edamontology.org/topic_3679	0.341	None	1004	Wrong	Ignore	
http://ccb.hms.harvard.edu/t2t/RDkQ9vFxghE	study investigated	Animal study	EDAM.TOPIC:3679	http://edamontology.org/topic_3679	0.34	None	1167	Wrong	Ignore	
http://ccb.hms.harvard.edu/t2t/R4GbPjsvxGo	Innate Immunity	Immunomics	EDAM.TOPIC:3967	http://edamontology.org/topic_3967	0.339	None	29091	EDAM more specific	Immunology	EDAM.TOPIC:0804
http://ccb.hms.harvard.edu/t2t/RB7HodmTpYj	innate immunity	Immunomics	EDAM.TOPIC:3967	http://edamontology.org/topic_3967	0.339	None	1260	EDAM more specific	Immunology	EDAM.TOPIC:0804
http://ccb.hms.harvard.edu/t2t/R8A8DovWDst	Innate immunity	Immunomics	EDAM.TOPIC:3967	http://edamontology.org/topic_3967	0.339	None	1045	EDAM more specific	Immunology	EDAM.TOPIC:0804
http://ccb.hms.harvard.edu/t2t/RaGXiJTKYBq	Behavioural neuroscience	Neurology	EDAM.TOPIC:3334	http://edamontology.org/topic_3334	0.338	None	1358	OK		
http://ccb.hms.harvard.edu/t2t/RH2kwiArVqC	Teacher Education and Professional Development of Educators	Drug development	EDAM.TOPIC:3373	http://edamontology.org/topic_3373	0.338	None	1314	Wrong	Ignore	
http://ccb.hms.harvard.edu/t2t/R3cm5qi2jSa	breast cancer patients	Oncology	EDAM.TOPIC:2640	http://edamontology.org/topic_2640	0.336	None	1316	Good		
http://ccb.hms.harvard.edu/t2t/REyoNzgjggi	MIC	Mice or rats	EDAM.TOPIC:0213	http://edamontology.org/topic_0213	0.336	None	1148	Wrong	Ignore	
http://ccb.hms.harvard.edu/t2t/RDd98GfHdAn	viral	Virology	EDAM.TOPIC:0781	http://edamontology.org/topic_0781	0.336	None	1118	Good		
http://ccb.hms.harvard.edu/t2t/R5CtFZZ33aS	bacterial	Biomaterials	EDAM.TOPIC:3368	http://edamontology.org/topic_3368	0.333	None	1392	Wrong	Microbiology	EDAM.TOPIC:3301
http://ccb.hms.harvard.edu/t2t/RGMbWRBgtXU	Classical Greek and Roman History	Classification	EDAM.TOPIC:2230	http://edamontology.org/topic_2230	0.333	None	1282	Wrong	Ignore	
http://ccb.hms.harvard.edu/t2t/RDu22sKsh6h	Solar System, Solar Physics, Planets and Exoplanets	Plant biology	EDAM.TOPIC:0780	http://edamontology.org/topic_0780	0.333	None	1234	Wrong	Ignore	
http://ccb.hms.harvard.edu/t2t/RKzPrqWTj6i	obesity	Probes and primers	EDAM.TOPIC:0632	http://edamontology.org/topic_0632	0.332	None	6363	Wrong	Endocrinology and metabolism	EDAM.TOPIC:3407
http://ccb.hms.harvard.edu/t2t/RKpe9NCfRKE	Obesity	Probes and primers	EDAM.TOPIC:0632	http://edamontology.org/topic_0632	0.332	None	1187	Wrong	Endocrinology and metabolism	EDAM.TOPIC:3407
http://ccb.hms.harvard.edu/t2t/RBgT2b875e7	Gastrointestinal Cancers	Gastroenterology	EDAM.TOPIC:3409	http://edamontology.org/topic_3409	0.33	None	1651	Good		
http://ccb.hms.harvard.edu/t2t/R4Hedq2eNX6	urgent need	Surgery	EDAM.TOPIC:3421	http://edamontology.org/topic_3421	0.33	None	1071	Wrong	Ignore	
http://ccb.hms.harvard.edu/t2t/R5JxVRVkWJh	therapy	Biotherapeutics	EDAM.TOPIC:3374	http://edamontology.org/topic_3374	0.329	None	1667	Wrong	Psychiatry	EDAM.TOPIC:3419
http://ccb.hms.harvard.edu/t2t/RGKyhCWFzKo	Surgical and invasive medical procedures	Medical informatics	EDAM.TOPIC:3063	http://edamontology.org/topic_3063	0.329	None	1064	Wrong	Surgery	EDAM.TOPIC:3421
http://ccb.hms.harvard.edu/t2t/R54CobyYSN5	practice	Rice	EDAM.TOPIC:0787	http://edamontology.org/topic_0787	0.328	None	1915	Wrong	ignore	
http://ccb.hms.harvard.edu/t2t/R3pSM5wVVe7	China	ChIP-seq	EDAM.TOPIC:3169	http://edamontology.org/topic_3169	0.328	None	1841	Wrong	ignore	
http://ccb.hms.harvard.edu/t2t/RHFM4b9ocS2	PROSPERO	Operon	EDAM.TOPIC:1311	http://edamontology.org/topic_1311	0.327	None	1461	Wrong	ignore	
http://ccb.hms.harvard.edu/t2t/RALZb6Fvw8N	inflammation	Mammals	EDAM.TOPIC:3048	http://edamontology.org/topic_3048	0.326	None	7803	Wrong	Immunology	EDAM.TOPIC:0804
http://ccb.hms.harvard.edu/t2t/RECyaySpqd7	Inflammation	Mammals	EDAM.TOPIC:3048	http://edamontology.org/topic_3048	0.326	None	1130	Wrong	Immunology	EDAM.TOPIC:0804
http://ccb.hms.harvard.edu/t2t/RDYNBwdm68j	High Energy Astrophysics; Cosmic Rays	Physics	EDAM.TOPIC:3318	http://edamontology.org/topic_3318	0.325	None	1123	Wrong	ignore	
http://ccb.hms.harvard.edu/t2t/RCuAcfgJrGd	fluorescence	Scents	EDAM.TOPIC:0618	http://edamontology.org/topic_0618	0.324	None	1628	Wrong	ignore	
http://ccb.hms.harvard.edu/t2t/R5dG2qMAVGr	reveals	Zoology	EDAM.TOPIC:3500	http://edamontology.org/topic_3500	0.323	None	1526	Wrong	ignore	
http://ccb.hms.harvard.edu/t2t/R9hcqKnyYen	efficiency	Critical care medicine	EDAM.TOPIC:3403	http://edamontology.org/topic_3403	0.323	None	1458	Wrong	ignore	
http://ccb.hms.harvard.edu/t2t/RAzyJk4MRjH	Organizational Behavioral Psychology	Genetic organisation	EDAM.TOPIC:3062	http://edamontology.org/topic_3062	0.318	None	11381	Wrong	ignore	
http://ccb.hms.harvard.edu/t2t/R5RVssecGyf	logistic regression	Gene expression	EDAM.TOPIC:0203	http://edamontology.org/topic_0203	0.318	None	1936	Wrong	Mathematics	EDAM.TOPIC:3315
http://ccb.hms.harvard.edu/t2t/RHC5Gt73nWf	Gastrointestinal tumors	Gastroenterology	EDAM.TOPIC:3409	http://edamontology.org/topic_3409	0.314	None	1752	Good		
http://ccb.hms.harvard.edu/t2t/RDBYKPNuSMo	aquaculture	Cell culture collection	EDAM.TOPIC:3340	http://edamontology.org/topic_3340	0.314	None	1073	Wrong	Marine biology|Freshwater biology	EDAM.TOPIC:3387|EDAM.TOPIC:3573
http://ccb.hms.harvard.edu/t2t/RH8iAWxQpwH	retrospective cohort study	Animal study	EDAM.TOPIC:3679	http://edamontology.org/topic_3679	0.313	None	3879	Wrong	Preclinical and clinical studies	EDAM.TOPIC:3379
http://ccb.hms.harvard.edu/t2t/RDVMEdYAqmt	Livestock Cloning	Clone library	EDAM.TOPIC:3341	http://edamontology.org/topic_3341	0.312	None	23376	Wrong	Agricultural science	EDAM.TOPIC:3810
http://ccb.hms.harvard.edu/t2t/RFwBzbUKBxE	NCT	Tomography	EDAM.TOPIC:3452	http://edamontology.org/topic_3452	0.31	None	3895	Wrong	Ignore	
http://ccb.hms.harvard.edu/t2t/RKhRiur7n2L	nct	Tomography	EDAM.TOPIC:3452	http://edamontology.org/topic_3452	0.31	None	1682	Wrong	Ignore	
http://ccb.hms.harvard.edu/t2t/R49sNjzRMYu	Linguistics	Cladistics	EDAM.TOPIC:3944	http://edamontology.org/topic_3944	0.31	None	1571	Wrong	Ignore	
http://ccb.hms.harvard.edu/t2t/R9RyGd4rkge	19 pandemic	Multiomics	EDAM.TOPIC:4021	http://edamontology.org/topic_4021	0.307	None	4472	Wrong	Ignore	
http://ccb.hms.harvard.edu/t2t/RF8ZniTTVFV	drought	High-throughput sequencing	EDAM.TOPIC:2842	http://edamontology.org/topic_2842	0.304	None	1625	Wrong	Ignore	
http://ccb.hms.harvard.edu/t2t/RKMUUx7eLLK	paper proposes	Protein properties	EDAM.TOPIC:0123	http://edamontology.org/topic_0123	0.304	None	1063	Wrong	Ignore	
http://ccb.hms.harvard.edu/t2t/R7DLGQZ6PSv	Natural Hazards	Natural language processing	EDAM.TOPIC:0218	http://edamontology.org/topic_0218	0.303	None	4101	Wrong	Ignore	
http://ccb.hms.harvard.edu/t2t/R9fx9mEmPCT	7 days	Microarray experiment	EDAM.TOPIC:3518	http://edamontology.org/topic_3518	0.303	None	1118	Wrong	Ignore	
http://ccb.hms.harvard.edu/t2t/R4nNbw64cGW	anion	Zoology	EDAM.TOPIC:3500	http://edamontology.org/topic_3500	0.301	None	1325	Wrong	Ignore	